,car_park_no,address,car_park_type,type_of_parking_system,short_term_parking,free_parking,night_parking,car_park_decks,gantry_height,car_park_basement,newLat,newLon
0,ACB,BLK 270/271 ALBERT CENTRE BASEMENT CAR PARK,BASEMENT CAR PARK,ELECTRONIC PARKING,WHOLE DAY,NO,YES,1,1.8,Y,1.2904305410827672,103.86468212164546
1,ACM,BLK 98A ALJUNIED CRESCENT,MULTI-STOREY CAR PARK,ELECTRONIC PARKING,WHOLE DAY,SUN & PH FR 7AM-10.30PM,YES,5,2.1,N,1.3215730972753876,103.88449581937945
2,AH1,BLK 101 JALAN DUSUN,SURFACE CAR PARK,ELECTRONIC PARKING,WHOLE DAY,SUN & PH FR 7AM-10.30PM,YES,0,0.0,N,1.2808702660543847,103.89172679256443
3,AK19,BLOCK 253 ANG MO KIO STREET 21,SURFACE CAR PARK,COUPON PARKING,7AM-7PM,NO,NO,0,0.0,N,1.2711716636534673,103.93227118489006
4,AK31,BLK 302/348 ANG MO KIO STREET 31,SURFACE CAR PARK,COUPON PARKING,NO,NO,NO,0,0.0,N,1.2828976929463929,103.92932001777548
5,AK52,BLK 513 ANG MO KIO STREET 53,SURFACE CAR PARK,COUPON PARKING,WHOLE DAY,NO,YES,0,0.0,N,1.2865810716220767,103.93559768972848
6,AK6,BLK 728 ANG MO KIO AVENUE 6,SURFACE CAR PARK,COUPON PARKING,7AM-10.30PM,SUN & PH FR 7AM-10.30PM,NO,0,0.0,N,1.2811040294028198,103.93797928859053
7,AK83,BLK 5022 TO 5095 ANG MO KIO INDUSTRIAL PARK 2,SURFACE CAR PARK,COUPON PARKING,NO,NO,NO,0,0.0,N,1.300217596739161,103.93981065915224
8,AK9,ANG MO KIO AVENUE 9,SURFACE CAR PARK,COUPON PARKING,NO,NO,NO,0,0.0,N,1.2846404943221421,103.94668612512046
9,AM14,BLK 227 ANG MO KIO STREET 23,MULTI-STOREY CAR PARK,ELECTRONIC PARKING,WHOLE DAY,NO,YES,6,2.15,N,1.276522207060846,103.93192353354614
10,AM16,BLK 256A ANG MO KIO STREET 21,MULTI-STOREY CAR PARK,ELECTRONIC PARKING,WHOLE DAY,SUN & PH FR 7AM-10.30PM,YES,2,2.15,N,1.2719097775167618,103.93352168454699
11,AM18,BLK 308C ANG MO KIO AVENUE 1,MULTI-STOREY CAR PARK,ELECTRONIC PARKING,7AM-10.30PM,NO,NO,3,2.15,N,1.2808684736050278,103.92874326024341
12,AM19,BLK 260 ANG MO KIO STREET 21,MULTI-STOREY CAR PARK,ELECTRONIC PARKING,WHOLE DAY,SUN & PH FR 7AM-10.30PM,YES,6,2.15,N,1.2707149190164686,103.93206747087834
13,AM20,BLK 309B ANG MO KIO STREET 31,MULTI-STOREY CAR PARK,ELECTRONIC PARKING,WHOLE DAY,SUN & PH FR 7AM-10.30PM,YES,12,2.15,N,1.2823471801555686,103.9279064691821
14,AM22,BLK 316B ANG MO KIO STREET 31,MULTI-STOREY CAR PARK,ELECTRONIC PARKING,WHOLE DAY,SUN & PH FR 7AM-10.30PM,YES,12,2.15,N,1.2839217148341215,103.92779779939855
15,AM32,BLK 255A ANG MO KIO STREET 21,MULTI-STOREY CAR PARK,ELECTRONIC PARKING,WHOLE DAY,NO,YES,2,2.15,N,1.27055965231476,103.93370317667681
16,AM43,BLK 455 ANG MO KIO STREET 44,MULTI-STOREY CAR PARK,ELECTRONIC PARKING,WHOLE DAY,SUN & PH FR 7AM-10.30PM,YES,7,2.15,N,1.2936342827974348,103.93179476285442
17,AM46,BLK 588 ANG MO KIO STREET 52,MULTI-STOREY CAR PARK,ELECTRONIC PARKING,WHOLE DAY,NO,YES,5,2.15,N,1.2897017581264782,103.9353392044552
18,AM51,BLK 700 ANG MO KIO AVENUE 6,MULTI-STOREY CAR PARK,ELECTRONIC PARKING,WHOLE DAY,SUN & PH FR 7AM-10.30PM,YES,12,2.15,N,1.2829608170986173,103.93309015048126
19,AM64,BLK 590 ANG MO KIO STREET 51,MULTI-STOREY CAR PARK,ELECTRONIC PARKING,WHOLE DAY,SUN & PH FR 7AM-10.30PM,YES,12,2.15,N,1.2894017326996523,103.93462253239431
20,AM79,BLK 596 ANG MO KIO STREET 52,MULTI-STOREY CAR PARK,ELECTRONIC PARKING,WHOLE DAY,SUN & PH FR 7AM-10.30PM,YES,12,2.15,N,1.2876199789289384,103.93548804553075
21,AM80,BLK 130A ANG MO KIO STREET 12,MULTI-STOREY CAR PARK,ELECTRONIC PARKING,WHOLE DAY,SUN & PH FR 7AM-10.30PM,YES,4,2.15,N,1.278092575098269,103.93381721122759
22,AM81,BLK 132A ANG MO KIO STREET 12,MULTI-STOREY CAR PARK,ELECTRONIC PARKING,WHOLE DAY,SUN & PH FR 7AM-10.30PM,YES,4,2.15,N,1.2781794110623654,103.93480307208566
23,AM96,BLK 352A ANG MO KIO STREET 32,MULTI-STOREY CAR PARK,ELECTRONIC PARKING,WHOLE DAY,SUN & PH FR 7AM-10.30PM,YES,12,2.15,N,1.287230284095763,103.92728711218493
24,AR1L,3 AND 5 DOVER ROAD,SURFACE CAR PARK,ELECTRONIC PARKING,NO,NO,NO,0,4.5,N,1.2184812913724743,103.86747694427868
25,AR1M,BLK 2A DOVER ROAD,MULTI-STOREY CAR PARK,ELECTRONIC PARKING,WHOLE DAY,SUN & PH FR 7AM-10.30PM,YES,10,2.15,N,1.2195229819038524,103.86645554900109
26,AR2L,BLK 26 AND 27 DOVER CRESCENT,SURFACE CAR PARK,ELECTRONIC PARKING,NO,NO,NO,0,0.0,N,1.2169946168410204,103.869500302826
27,AR2M,BLK 28 DOVER CRESCENT,MULTI-STOREY CAR PARK,ELECTRONIC PARKING,WHOLE DAY,SUN & PH FR 7AM-10.30PM,YES,16,2.15,N,1.2175178085090232,103.86833355094002
28,AR5M,BLK 19A DOVER CRESCENT,MULTI-STOREY CAR PARK,ELECTRONIC PARKING,WHOLE DAY,SUN & PH FR 7AM-10.30PM,YES,12,2.15,N,1.220324724889125,103.87092132575329
29,AR7L,12 TO 14 DOVER CLOSE EAST,SURFACE CAR PARK,ELECTRONIC PARKING,NO,NO,NO,0,0.0,N,1.2214598254937619,103.86939544247566
30,AR7M,BLK 12A DOVER CLOSE EAST,MULTI-STOREY CAR PARK,ELECTRONIC PARKING,WHOLE DAY,SUN & PH FR 7AM-10.30PM,YES,7,2.15,N,1.2210581020987172,103.8683658013361
31,AR9,BLK 20/22/23 DOVER CRESCENT,SURFACE CAR PARK,ELECTRONIC PARKING,7AM-10.30PM,SUN & PH FR 7AM-10.30PM,NO,0,0.0,N,1.2192944068987486,103.87086255023095
32,AV1,BLK 120/120A/121-127 ALEXANDRA VILLAGE,SURFACE CAR PARK,ELECTRONIC PARKING,WHOLE DAY,NO,YES,0,4.5,N,1.2391980306434975,103.84930086516083
33,AV2,BLK 1001/1010 BUKIT MERAH LANE 1/3,SURFACE CAR PARK,COUPON PARKING,WHOLE DAY,NO,YES,0,0.0,N,1.2418372055503182,103.84863391674553
34,A1,BLK 215 ANG MO KIO STREET 22,SURFACE CAR PARK,COUPON PARKING,WHOLE DAY,SUN & PH FR 7AM-10.30PM,YES,0,0.0,N,1.277943102591726,103.92990995779832
35,A10,BLK 201/202 ANG MO KIO STREET 22,SURFACE CAR PARK,ELECTRONIC PARKING,WHOLE DAY,SUN & PH FR 7AM-10.30PM,YES,0,0.0,N,1.2807723520938008,103.93181629536768
36,A100,BLK 650 ANG MO KIO STREET 61,SURFACE CAR PARK,ELECTRONIC PARKING,WHOLE DAY,NO,YES,0,0.0,N,1.278838080660899,103.94111042052572
37,A11,BLK 223/226/226A-226D ANG MO KIO STREET 22,SURFACE CAR PARK,ELECTRONIC PARKING,WHOLE DAY,SUN & PH FR 7AM-10.30PM,YES,0,4.5,N,1.2743886003291642,103.93022888053815
38,A12,BLK 229/230 ANG MO KIO STREET 22,SURFACE CAR PARK,ELECTRONIC PARKING,WHOLE DAY,SUN & PH FR 7AM-10.30PM,YES,0,0.0,N,1.2749704912002928,103.93175137988709
39,A13,BLK 232/233 ANG MO KIO STREET 22,SURFACE CAR PARK,ELECTRONIC PARKING,WHOLE DAY,SUN & PH FR 7AM-10.30PM,YES,0,4.5,N,1.2730082336085622,103.93118729548395
40,A15,BLK 226E-226H ANG MO KIO STREET 22,SURFACE CAR PARK,ELECTRONIC PARKING,WHOLE DAY,SUN & PH FR 7AM-10.30PM,YES,0,0.0,N,1.276639383202221,103.9301614847041
41,A2,BLK 206/207 ANG MO KIO STREET 22,SURFACE CAR PARK,ELECTRONIC PARKING,WHOLE DAY,SUN & PH FR 7AM-10.30PM,YES,0,0.0,N,1.279285307421829,103.92943574603017
42,A20,BLK 304/307/319 ANG MO KIO STREET 31,SURFACE CAR PARK,ELECTRONIC PARKING,WHOLE DAY,SUN & PH FR 7AM-10.30PM,YES,0,4.5,N,1.284730950719622,103.92815063572637
43,A21,BLK 325/326/301 ANG MO KIO STREET 31,SURFACE CAR PARK,ELECTRONIC PARKING,WHOLE DAY,SUN & PH FR 7AM-10.30PM,YES,0,4.5,N,1.2825731194666927,103.93131420655214
44,A23,BLK 347A ANG MO KIO AVENUE 3,MULTI-STOREY CAR PARK,ELECTRONIC PARKING,WHOLE DAY,SUN & PH FR 7AM-10.30PM,YES,10,1.9,N,1.2851900360955877,103.93052733201688
45,A24,BLK 338/340 ANG MO KIO STREET 32,SURFACE CAR PARK,ELECTRONIC PARKING,WHOLE DAY,SUN & PH FR 7AM-10.30PM,YES,0,0.0,N,1.285677585959368,103.92796193167517
46,A25,BLK 330/337 ANG MO KIO AVENUE 8,SURFACE CAR PARK,ELECTRONIC PARKING,WHOLE DAY,SUN & PH FR 7AM-10.30PM,YES,0,4.5,N,1.2879218915182635,103.92599070485178
47,A26,BLK 113/114/118 ANG MO KIO AVENUE 4,SURFACE CAR PARK,ELECTRONIC PARKING,WHOLE DAY,SUN & PH FR 7AM-10.30PM,YES,0,4.5,N,1.2716372139856535,103.93592647004684
48,A27,BLK 108/109/110 ANG MO KIO STREET 11,SURFACE CAR PARK,ELECTRONIC PARKING,WHOLE DAY,SUN & PH FR 7AM-10.30PM,YES,0,5.4,N,1.2745289207058113,103.93353495458103
49,A28,BLK 103/105/107 ANG MO KIO STREET 11,SURFACE CAR PARK,ELECTRONIC PARKING,WHOLE DAY,SUN & PH FR 7AM-10.30PM,YES,0,0.0,N,1.2736669838206052,103.93481350068697
50,A29,BLK 347 ANG MO KIO AVENUE 3,SURFACE CAR PARK,ELECTRONIC PARKING,WHOLE DAY,SUN & PH FR 7AM-10.30PM,YES,0,0.0,N,1.284991022376583,103.9304188196879
51,A30,BLK 129/134 ANG MO KIO STREET 12,SURFACE CAR PARK,ELECTRONIC PARKING,WHOLE DAY,SUN & PH FR 7AM-10.30PM,YES,0,4.5,N,1.2786536360471576,103.93415778272646
52,A30A,BLK 133 ANG MO KIO STREET 12,SURFACE CAR PARK,COUPON PARKING,7AM-10.30PM,SUN & PH FR 7AM-10.30PM,NO,0,0.0,N,1.2789954921457944,103.93339115774056
53,A31,BLK 119/128 ANG MO KIO STREET 12,SURFACE CAR PARK,ELECTRONIC PARKING,WHOLE DAY,SUN & PH FR 7AM-10.30PM,YES,0,4.5,N,1.2799428897913216,103.93362268173337
54,A31A,BLK 125/126 ANG MO KIO STREET 12,SURFACE CAR PARK,COUPON PARKING,7AM-10.30PM,SUN & PH FR 7AM-10.30PM,NO,0,0.0,N,1.27990078053974,103.9350218264174
55,A33,BLK 253/254 ANG MO KIO STREET 21,SURFACE CAR PARK,ELECTRONIC PARKING,WHOLE DAY,NO,YES,0,4.5,N,1.2708768342664698,103.93319497390502
56,A34,BLK 422/425 ANG MO KIO STREET 42,SURFACE CAR PARK,ELECTRONIC PARKING,WHOLE DAY,SUN & PH FR 7AM-10.30PM,YES,0,0.0,N,1.2879617818289417,103.9315418870647
57,A35,BLK 426/428/435 ANG MO KIO STREET 43,SURFACE CAR PARK,ELECTRONIC PARKING,WHOLE DAY,SUN & PH FR 7AM-10.30PM,YES,0,4.5,N,1.2903914337149365,103.93183005217765
58,A36,BLK 436/443/445 ANG MO KIO STREET 43,SURFACE CAR PARK,ELECTRONIC PARKING,WHOLE DAY,SUN & PH FR 7AM-10.30PM,YES,0,4.5,N,1.2915965730457621,103.92960526404141
59,A37,BLK 446/449/453 ANG MO KIO STREET 43,SURFACE CAR PARK,ELECTRONIC PARKING,WHOLE DAY,SUN & PH FR 7AM-10.30PM,YES,0,4.5,N,1.2918760466330648,103.93130023260353
60,A38,BLK 407/410/421 ANG MO KIO AVENUE 10,SURFACE CAR PARK,ELECTRONIC PARKING,WHOLE DAY,SUN & PH FR 7AM-10.30PM,YES,0,4.5,N,1.290901829173107,103.92717754393465
61,A39,BLK 401/405 ANG MO KIO AVENUE 10,SURFACE CAR PARK,ELECTRONIC PARKING,WHOLE DAY,SUN & PH FR 7AM-10.30PM,YES,0,0.0,N,1.2903823979703704,103.92438294908295
62,A4,BLK 217/220 ANG MO KIO AVENUE 1,SURFACE CAR PARK,ELECTRONIC PARKING,WHOLE DAY,SUN & PH FR 7AM-10.30PM,YES,0,4.5,N,1.2774191398521015,103.92889374991742
63,A40,BLK 471/476 ANG MO KIO STREET 44,SURFACE CAR PARK,ELECTRONIC PARKING,WHOLE DAY,SUN & PH FR 7AM-10.30PM,YES,0,9.99,N,1.2933110459041195,103.92558044973293
64,A41,BLK 466/470 ANG MO KIO STREET 44,SURFACE CAR PARK,ELECTRONIC PARKING,WHOLE DAY,SUN & PH FR 7AM-10.30PM,YES,0,0.0,N,1.2932611203828013,103.92814461561895
65,A42,BLK 461/465 ANG MO KIO STREET 44,SURFACE CAR PARK,ELECTRONIC PARKING,WHOLE DAY,SUN & PH FR 7AM-10.30PM,YES,0,0.0,N,1.2936951159124688,103.92977730235522
66,A43,BLK 457/458/460 ANG MO KIO STREET 44,SURFACE CAR PARK,ELECTRONIC PARKING,WHOLE DAY,SUN & PH FR 7AM-10.30PM,YES,0,0.0,N,1.2956107980041787,103.92919770450848
67,A44,BLK 459/456 ANG MO KIO STREET 44,SURFACE CAR PARK,ELECTRONIC PARKING,WHOLE DAY,SUN & PH FR 7AM-10.30PM,YES,0,0.0,N,1.2953321908298066,103.93039891541585
68,A45,BLK 570/578 ANG MO KIO STREET 51,SURFACE CAR PARK,ELECTRONIC PARKING,WHOLE DAY,SUN & PH FR 7AM-10.30PM,YES,0,0.0,N,1.2915477543335294,103.93408678156526
69,A47,BLK 562/565/560 ANG MO KIO STREET 54,SURFACE CAR PARK,ELECTRONIC PARKING,WHOLE DAY,SUN & PH FR 7AM-10.30PM,YES,0,0.0,N,1.2955897757837043,103.93372976962286
70,A48,BLK 571/73 ANG MO KIO STREET 51,SURFACE CAR PARK,ELECTRONIC PARKING,WHOLE DAY,SUN & PH FR 7AM-10.30PM,YES,0,0.0,N,1.2909658180380883,103.93354386051868
71,A49,BLK 555/559 ANG MO KIO STREET 54,SURFACE CAR PARK,ELECTRONIC PARKING,WHOLE DAY,SUN & PH FR 7AM-10.30PM,YES,0,0.0,N,1.2941308712521913,103.93449616906378
72,A50,BLK 548/552/556 ANG MO KIO STREET 54,SURFACE CAR PARK,ELECTRONIC PARKING,WHOLE DAY,SUN & PH FR 7AM-10.30PM,YES,0,4.5,N,1.2939420827664996,103.93568133775962
73,A51,BLK 252/253A ANG MO KIO STREET 21,SURFACE CAR PARK,ELECTRONIC PARKING,WHOLE DAY,NO,YES,0,5.4,N,1.2705582138024727,103.93264823736628
74,A52,BLK 701/716 ANG MO KIO AVENUE 3/6,SURFACE CAR PARK,ELECTRONIC PARKING,WHOLE DAY,SUN & PH FR 7AM-10.30PM,YES,0,4.5,N,1.2831862710148627,103.93355756057178
75,A52L,BLK 700B/ 700C ANG MO KIO AVENUE 3/6,SURFACE CAR PARK,ELECTRONIC PARKING,NO,NO,NO,0,4.5,N,1.282393027138524,103.93245984489322
76,A53,BLK 712A ANG MO KIO AVENUE 3/6,MULTI-STOREY CAR PARK,ELECTRONIC PARKING,WHOLE DAY,SUN & PH FR 7AM-10.30PM,YES,14,1.8,N,1.2831407192891406,103.9340340587342
77,A54,BLK 727/728 ANG MO KIO AVENUE 6,SURFACE CAR PARK,ELECTRONIC PARKING,WHOLE DAY,SUN & PH FR 7AM-10.30PM,YES,0,4.5,N,1.2821724934395597,103.93559324104744
78,A55,BLK 729/730 ANG MO KIO AVENUE 6/8,SURFACE CAR PARK,ELECTRONIC PARKING,WHOLE DAY,SUN & PH FR 7AM-10.30PM,YES,0,0.0,N,1.2827355686033066,103.93634580113148
79,A56,BLK 725/730 ANG MO KIO AVENUE 8,SURFACE CAR PARK,ELECTRONIC PARKING,WHOLE DAY,SUN & PH FR 7AM-10.30PM,YES,0,0.0,N,1.2834112790441532,103.93585591034442
80,A57,BLK 720/723 ANG MO KIO AVENUE 8,SURFACE CAR PARK,ELECTRONIC PARKING,WHOLE DAY,SUN & PH FR 7AM-10.30PM,YES,0,0.0,N,1.2832280830326896,103.93518121176832
81,A58,BLK 721/722 ANG MO KIO AVENUE 8,SURFACE CAR PARK,ELECTRONIC PARKING,WHOLE DAY,SUN & PH FR 7AM-10.30PM,YES,0,0.0,N,1.2839929163935757,103.93550653433356
82,A59,BLK 547/551 ANG MO KIO STREET 54,SURFACE CAR PARK,ELECTRONIC PARKING,WHOLE DAY,SUN & PH FR 7AM-10.30PM,YES,0,3.8,N,1.2944756465787253,103.93704627709042
83,A60,BLK 540/546 ANG MO KIO STREET 54,SURFACE CAR PARK,ELECTRONIC PARKING,WHOLE DAY,SUN & PH FR 7AM-10.30PM,YES,0,4.5,N,1.2922349030246763,103.93761077884224
84,A61,BLK 520/534/529 ANG MO KIO AVENUE 5/10,SURFACE CAR PARK,ELECTRONIC PARKING,WHOLE DAY,SUN & PH FR 7AM-10.30PM,YES,0,9.99,N,1.288457323252613,103.93731843705889
85,A63,BLK 501/513/508 ANG MO KIO STREET 52/53,SURFACE CAR PARK,ELECTRONIC PARKING,WHOLE DAY,SUN & PH FR 7AM-10.30PM,YES,0,5.4,N,1.285678545204557,103.9383582462182
86,A64,BLK 584/586 ANG MO KIO STREET 51,SURFACE CAR PARK,ELECTRONIC PARKING,WHOLE DAY,SUN & PH FR 7AM-10.30PM,YES,0,5.4,N,1.2897676719682543,103.93370633705929
87,A65,BLK 558/560 ANG MO KIO STREET 54,SURFACE CAR PARK,ELECTRONIC PARKING,WHOLE DAY,SUN & PH FR 7AM-10.30PM,YES,0,4.5,N,1.295761450475773,103.93419773801777
88,A66,BLK 601/604/603 ANG MO KIO AVENUE 5,SURFACE CAR PARK,ELECTRONIC PARKING,WHOLE DAY,SUN & PH FR 7AM-10.30PM,YES,0,5.4,N,1.2718513179485982,103.94365108209348
89,A67,BLK 605/612 ANG MO KIO AVENUE 4/5,SURFACE CAR PARK,ELECTRONIC PARKING,WHOLE DAY,SUN & PH FR 7AM-10.30PM,YES,0,0.0,N,1.2740094367239543,103.94279810538553
90,A68,BLK 620/624/626 ANG MO KIO STREET 61,SURFACE CAR PARK,ELECTRONIC PARKING,WHOLE DAY,SUN & PH FR 7AM-10.30PM,YES,0,0.0,N,1.276071864333458,103.94499523804468
91,A69,BLK 623/625/627 ANG MO KIO STREET 61,SURFACE CAR PARK,ELECTRONIC PARKING,WHOLE DAY,SUN & PH FR 7AM-10.30PM,YES,0,5.4,N,1.278176568364755,103.94474082584215
92,A7,BLK 212/213 ANG MO KIO STREET 23,SURFACE CAR PARK,ELECTRONIC PARKING,WHOLE DAY,SUN & PH FR 7AM-10.30PM,YES,0,4.5,N,1.2775293251630895,103.93157721422067
93,A70,BLK 629/626 ANG MO KIO AVENUE 4,SURFACE CAR PARK,ELECTRONIC PARKING,WHOLE DAY,SUN & PH FR 7AM-10.30PM,YES,0,9.99,N,1.2763265447314727,103.94372650319693
94,A71,BLK 628/632 ANG MO KIO STREET 61,SURFACE CAR PARK,ELECTRONIC PARKING,WHOLE DAY,SUN & PH FR 7AM-10.30PM,YES,0,5.4,N,1.2769653516414279,103.94311892651304
95,A72,BLK 633/640 ANG MO KIO STREET 61,SURFACE CAR PARK,ELECTRONIC PARKING,WHOLE DAY,SUN & PH FR 7AM-10.30PM,YES,0,5.4,N,1.2797717223200662,103.94386607975949
96,A73,BLK 641/645 ANG MO KIO STREET 61,SURFACE CAR PARK,ELECTRONIC PARKING,WHOLE DAY,SUN & PH FR 7AM-10.30PM,YES,0,0.0,N,1.27704873803428,103.9419655081021
97,A74,BLK 646/649 ANG MO KIO STREET 61,SURFACE CAR PARK,ELECTRONIC PARKING,WHOLE DAY,SUN & PH FR 7AM-10.30PM,YES,0,0.0,N,1.2800479144604993,103.94177040287376
98,A75,BLK 177/182 ANG MO KIO AVENUE 4,SURFACE CAR PARK,ELECTRONIC PARKING,WHOLE DAY,SUN & PH FR 7AM-10.30PM,YES,0,4.5,N,1.2748949261432374,103.93933645725204
99,A76,BLK 613A ANG MO KIO AVENUE 4,MULTI-STOREY CAR PARK,ELECTRONIC PARKING,WHOLE DAY,NO,YES,9,2.0,N,1.2750460638373138,103.94109995639771
100,A77,BLK 150/156 ANG MO KIO AVENUE 5,SURFACE CAR PARK,ELECTRONIC PARKING,WHOLE DAY,SUN & PH FR 7AM-10.30PM,YES,0,9.99,N,1.276197271068115,103.93948651199702
101,A78,BLK 157/163 ANG MO KIO AVENUE 4,SURFACE CAR PARK,ELECTRONIC PARKING,WHOLE DAY,SUN & PH FR 7AM-10.30PM,YES,0,4.5,N,1.2745953052175802,103.93783869475392
102,A8,BLK 209/210 ANG MO KIO STREET 22,SURFACE CAR PARK,ELECTRONIC PARKING,WHOLE DAY,SUN & PH FR 7AM-10.30PM,YES,0,4.5,N,1.2795482007984282,103.93193853947994
103,A81,BLK 170/172 ANG MO KIO STREET 13,SURFACE CAR PARK,ELECTRONIC PARKING,WHOLE DAY,SUN & PH FR 7AM-10.30PM,YES,0,9.99,N,1.272675026087527,103.93750164201126
104,A82,BLK 173/176 ANG MO KIO AVENUE 4,SURFACE CAR PARK,ELECTRONIC PARKING,WHOLE DAY,SUN & PH FR 7AM-10.30PM,YES,0,0.0,N,1.2725943122989052,103.93881250271383
105,A83,BLK 5022 TO 5095 ANG MO KIO INDUSTRIAL PARK 2,SURFACE CAR PARK,COUPON PARKING,WHOLE DAY,SUN & PH FR 7AM-10.30PM,YES,0,0.0,N,1.2970488608286321,103.9374550999657
106,A85,BLK 340 ANG MO KIO STREET 32,SURFACE CAR PARK,ELECTRONIC PARKING,7AM-10.30PM,SUN & PH FR 7AM-10.30PM,NO,0,0.0,N,1.285991296569174,103.92831363133324
107,A86,BLK 4001-4003/4026-4028/4033-4035 ANG MO KIO INDUSTRIAL PARK 1,SURFACE CAR PARK,COUPON PARKING,WHOLE DAY,SUN & PH FR 7AM-10.30PM,YES,0,0.0,N,1.292846491361312,103.92511220307793
108,A87,BLK 462/463 ANG MO KIO STREET 44,SURFACE CAR PARK,ELECTRONIC PARKING,WHOLE DAY,SUN & PH FR 7AM-10.30PM,YES,0,0.0,N,1.2942188044848046,103.9300219195581
109,A88,BLK 348 ANG MO KIO AVENUE 3,SURFACE CAR PARK,ELECTRONIC PARKING,7AM-10.30PM,SUN & PH FR 7AM-10.30PM,NO,0,0.0,N,1.2835326496849429,103.92947930370282
110,A89,BLK 101/102 ANG MO KIO STREET 11,SURFACE CAR PARK,COUPON PARKING,7AM-10.30PM,SUN & PH FR 7AM-10.30PM,NO,0,0.0,N,1.2755828622869565,103.93363050961041
111,A9,BLK 202/203 ANG MO KIO STREET 22,SURFACE CAR PARK,ELECTRONIC PARKING,WHOLE DAY,SUN & PH FR 7AM-10.30PM,YES,0,4.5,N,1.2806397087794308,103.93126127754385
112,A90,BLK 625/627 ANG MO KIO STREET 61,SURFACE CAR PARK,COUPON PARKING,WHOLE DAY,SUN & PH FR 7AM-10.30PM,YES,0,5.4,N,1.2774738426341175,103.94509770910543
113,A94,BLK 104C ANG MO KIO STREET 11,MULTI-STOREY CAR PARK,ELECTRONIC PARKING,WHOLE DAY,SUN & PH FR 7AM-10.30PM,YES,10,2.0,N,1.2745241385591912,103.93502208142887
114,A95,BLK 323A ANG MO KIO AVENUE 3,MULTI-STOREY CAR PARK,ELECTRONIC PARKING,WHOLE DAY,SUN & PH FR 7AM-10.30PM,YES,12,2.15,N,1.2840733426547393,103.93070926445628
115,A98,BLK 259 ANG MO KIO AVENUE 2,SURFACE CAR PARK,ELECTRONIC PARKING,WHOLE DAY,SUN & PH FR 7AM-10.30PM,YES,0,0.0,N,1.2680208352538158,103.93234368810661
116,A99,BLK 181 ANG MO KIO AVENUE 5,SURFACE CAR PARK,COUPON PARKING,7AM-10.30PM,NO,NO,0,0.0,N,1.2734147493357348,103.94011442489483
117,BA1,BLK 106 BIDADARI PARK DRIVE,MULTI-STOREY CAR PARK,ELECTRONIC PARKING,WHOLE DAY,SUN & PH FR 7AM-10.30PM,YES,8,2.15,N,1.3072465679628562,103.89710475516952
118,BA10,BLK 213 BIDADARI PARK DRIVE,MULTI-STOREY CAR PARK,ELECTRONIC PARKING,WHOLE DAY,NO,YES,4,2.15,N,1.3092996378254849,103.9063786420076
119,BA2,BLK 117 ALKAFF CRESCENT,MULTI-STOREY CAR PARK,ELECTRONIC PARKING,WHOLE DAY,SUN & PH FR 7AM-10.30PM,YES,8,2.15,N,1.309690346693778,103.9002933804681
120,BA3,BLK 101 BIDADARI PARK DRIVE,MULTI-STOREY CAR PARK,ELECTRONIC PARKING,WHOLE DAY,SUN & PH FR 7AM-10.30PM,YES,2,2.2,N,1.3077445336615727,103.89966438899137
121,BA4,BLK 113 ALKAFF CRESCENT,MULTI-STOREY CAR PARK,ELECTRONIC PARKING,WHOLE DAY,SUN & PH FR 7AM-10.30PM,YES,8,2.15,N,1.3093817387641917,103.89865863179581
122,BA5,BLK 109 BIDADARI PARK DRIVE,MULTI-STOREY CAR PARK,ELECTRONIC PARKING,WHOLE DAY,SUN & PH FR 7AM-10.30PM,YES,10,2.15,N,1.309066164785573,103.89774493185527
123,BA6,BLK 201 WOODLEIGH LINK,MULTI-STOREY CAR PARK,ELECTRONIC PARKING,WHOLE DAY,NO,YES,5,2.15,N,1.308613612326097,103.90362070804433
124,BA7,BLK 206 WOODLEIGH LINK,MULTI-STOREY CAR PARK,ELECTRONIC PARKING,WHOLE DAY,NO,YES,4,2.15,N,1.308564403990654,103.90517785959045
125,BA8,BLK 207 WOODLEIGH LINK,MULTI-STOREY CAR PARK,ELECTRONIC PARKING,WHOLE DAY,NO,YES,2,2.15,N,1.3078954494157826,103.90511923013216
126,BA9,BLK 212 BIDADARI PARK DRIVE,MULTI-STOREY CAR PARK,ELECTRONIC PARKING,WHOLE DAY,NO,YES,2,2.15,N,1.3123682513564006,103.90647724600645
127,BBB,BLK 231 BRAS BASAH BASEMENT CAR PARK,BASEMENT CAR PARK,ELECTRONIC PARKING,WHOLE DAY,NO,YES,1,1.9,Y,1.2899728391263683,103.86022773649685
128,BBM1,BLK 188A BUKIT BATOK WEST AVENUE 6,MULTI-STOREY CAR PARK,ELECTRONIC PARKING,WHOLE DAY,SUN & PH FR 7AM-10.30PM,YES,10,2.0,N,1.1809911963862691,103.90976170629645
129,BBM2,BLK 628A BUKIT BATOK CENTRAL,MULTI-STOREY CAR PARK,ELECTRONIC PARKING,WHOLE DAY,SUN & PH FR 7AM-10.30PM,YES,11,2.15,N,1.1855202633327648,103.91416339113556
130,BBM3,BLK 289H BUKIT BATOK STREET 25,MULTI-STOREY CAR PARK,ELECTRONIC PARKING,WHOLE DAY,SUN & PH FR 7AM-10.30PM,YES,12,2.15,N,1.1956205748834259,103.9078437543217
131,BBM4,BLK 288H BUKIT BATOK STREET 25,MULTI-STOREY CAR PARK,ELECTRONIC PARKING,WHOLE DAY,SUN & PH FR 7AM-10.30PM,YES,13,2.15,N,1.1958834578341622,103.90888140711748
132,BBM5,BLK 290H BUKIT BATOK STREET 24,MULTI-STOREY CAR PARK,ELECTRONIC PARKING,WHOLE DAY,SUN & PH FR 7AM-10.30PM,YES,4,2.0,N,1.1936235932692376,103.9065885429805
133,BBM6,BLK 291F BUKIT BATOK STREET 24,MULTI-STOREY CAR PARK,ELECTRONIC PARKING,WHOLE DAY,SUN & PH FR 7AM-10.30PM,YES,4,2.0,N,1.1907237106586215,103.9062078056466
134,BBM7,BLK 154A BUKIT BATOK WEST AVENUE 8,MULTI-STOREY CAR PARK,ELECTRONIC PARKING,WHOLE DAY,SUN & PH FR 7AM-10.30PM,YES,8,2.0,N,1.179293557070589,103.91067444338695
135,BBM8,BLK 622A BUKIT BATOK CENTRAL,MULTI-STOREY CAR PARK,ELECTRONIC PARKING,WHOLE DAY,NO,YES,6,2.15,N,1.1841396726626943,103.9132714285774
136,BBM9,BLK 395A BUKIT BATOK WEST AVENUE 5,MULTI-STOREY CAR PARK,ELECTRONIC PARKING,WHOLE DAY,SUN & PH FR 7AM-10.30PM,YES,16,2.15,N,1.1874220724306925,103.92903002735393
137,BE10,BLKS 168-180 BISHAN STREET 13,SURFACE CAR PARK,ELECTRONIC PARKING,WHOLE DAY,SUN & PH FR 7AM-10.30PM,YES,0,4.5,N,1.2896011954867737,103.91105928833224
138,BE11,BLK 181-186 BISHAN STREET 13,SURFACE CAR PARK,ELECTRONIC PARKING,WHOLE DAY,SUN & PH FR 7AM-10.30PM,YES,0,4.5,N,1.2893454226169738,103.91308456999019
139,BE12,BLK 187-197 BISHAN STREET 13,SURFACE CAR PARK,ELECTRONIC PARKING,WHOLE DAY,NO,YES,0,4.5,N,1.2872536593265014,103.91331710991004
140,BE13,BLK 135A BISHAN STREET 12,MULTI-STOREY CAR PARK,ELECTRONIC PARKING,WHOLE DAY,SUN & PH FR 7AM-10.30PM,YES,5,1.9,N,1.2878221192408987,103.90822211524855
141,BE14,BLK 167A BISHAN STREET 13,MULTI-STOREY CAR PARK,ELECTRONIC PARKING,WHOLE DAY,SUN & PH FR 7AM-10.30PM,YES,5,1.9,N,1.2917512983256734,103.9103818489888
142,BE15,BLK 152A BISHAN STREET 11,MULTI-STOREY CAR PARK,ELECTRONIC PARKING,WHOLE DAY,SUN & PH FR 7AM-10.30PM,YES,6,1.9,N,1.2911540976986766,103.90849767208604
143,BE17,BISHAN PARK II,SURFACE CAR PARK,COUPON PARKING,WHOLE DAY,SUN & PH FR 7AM-10.30PM,YES,0,0.0,N,1.283947384318482,103.92622743956461
144,BE18,BLK 441-455 SIN MING AVENUE/BRIGHT HILL DRIVE,SURFACE CAR PARK,ELECTRONIC PARKING,7AM-10.30PM,SUN & PH FR 7AM-10.30PM,NO,0,4.5,N,1.267248223045613,103.92160017044216
145,BE19,BLK 503/504 BISHAN STREET 11,SURFACE CAR PARK,ELECTRONIC PARKING,WHOLE DAY,SUN & PH FR 7AM-10.30PM,YES,0,0.0,N,1.2844746172438908,103.91216625143389
146,BE20,BLK 505 BISHAN STREET 11,MULTI-STOREY CAR PARK,ELECTRONIC PARKING,WHOLE DAY,SUN & PH FR 7AM-10.30PM,YES,9,1.9,N,1.2849406593416328,103.91220216953384
147,BE21,BLK 506/509 BISHAN STREET 11,SURFACE CAR PARK,ELECTRONIC PARKING,WHOLE DAY,SUN & PH FR 7AM-10.30PM,YES,0,0.0,N,1.2853188002617069,103.91193707349069
148,BE22,BLK 511/513 BISHAN STREET 13,SURFACE CAR PARK,ELECTRONIC PARKING,WHOLE DAY,SUN & PH FR 7AM-10.30PM,YES,0,4.5,N,1.2859371711332184,103.91274378562952
149,BE23,BLK 514 BISHAN STREET 13,MULTI-STOREY CAR PARK,ELECTRONIC PARKING,WHOLE DAY,NO,YES,2,1.8,N,1.2860458035470825,103.91339885643436
150,BE24,BLK 201/206 BISHAN STREET 23,SURFACE CAR PARK,COUPON PARKING,7AM-7PM,SUN & PH FR 7AM-10.30PM,NO,0,4.5,N,1.2837508114831337,103.9186014398219
151,BE25,BLK 207A BISHAN STREET 23,MULTI-STOREY CAR PARK,ELECTRONIC PARKING,WHOLE DAY,SUN & PH FR 7AM-10.30PM,YES,5,1.9,N,1.2845822335197115,103.91842467631005
152,BE26,BLK 207/212/216/217 BISHAN STREET 23,SURFACE CAR PARK,ELECTRONIC PARKING,7AM-7PM,SUN & PH FR 7AM-10.30PM,NO,0,0.0,N,1.284730932292778,103.91916077756312
153,BE27,BLK 212A BISHAN STREET 23,MULTI-STOREY CAR PARK,ELECTRONIC PARKING,WHOLE DAY,SUN & PH FR 7AM-10.30PM,YES,5,1.9,N,1.2849064743979164,103.91991686059576
154,BE28,"BLK 213-215,218-227 BISHAN STREET 23",SURFACE CAR PARK,ELECTRONIC PARKING,7AM-7PM,SUN & PH FR 7AM-10.30PM,NO,0,4.5,N,1.2843219217203652,103.9211782289743
155,BE29,BLK 228-231 BISHAN STREET 23,SURFACE CAR PARK,ELECTRONIC PARKING,7AM-7PM,SUN & PH FR 7AM-10.30PM,NO,0,4.5,N,1.2821585295517952,103.92070810764088
156,BE3,BLK 401-408 SIN MING AVENUE,SURFACE CAR PARK,ELECTRONIC PARKING,7AM-10.30PM,SUN & PH FR 7AM-10.30PM,NO,0,4.5,N,1.2705899020818214,103.9255871411472
157,BE3R,BLK 410A SIN MING AVENUE,MULTI-STOREY CAR PARK,ELECTRONIC PARKING,WHOLE DAY,SUN & PH FR 7AM-10.30PM,YES,9,2.1,N,1.271666014892278,103.92640380560432
158,BE30,BLK 231A BISHAN STREET 23,MULTI-STOREY CAR PARK,ELECTRONIC PARKING,WHOLE DAY,SUN & PH FR 7AM-10.30PM,YES,5,1.9,N,1.2827065212187394,103.92071932829535
159,BE31,BLK 232-237 BISHAN STREET 22,SURFACE CAR PARK,ELECTRONIC PARKING,7AM-7PM,SUN & PH FR 7AM-10.30PM,NO,0,0.0,N,1.2823541201283832,103.92211316763647
160,BE32,BLK 237A BISHAN STREET 22,MULTI-STOREY CAR PARK,ELECTRONIC PARKING,WHOLE DAY,SUN & PH FR 7AM-10.30PM,YES,5,1.9,N,1.2829350638416441,103.92241538303537
161,BE33,BLK 238-245 BISHAN STREET 22,SURFACE CAR PARK,ELECTRONIC PARKING,7AM-7PM,SUN & PH FR 7AM-10.30PM,NO,0,4.5,N,1.2810706593483059,103.9234085527077
162,BE34,BLK 246A BISHAN STREET 22,MULTI-STOREY CAR PARK,ELECTRONIC PARKING,WHOLE DAY,SUN & PH FR 7AM-10.30PM,YES,5,1.85,N,1.2798644425647492,103.9241937482253
163,BE35,BLK 246-256 BISHAN STREET 22,SURFACE CAR PARK,ELECTRONIC PARKING,7AM-7PM,SUN & PH FR 7AM-10.30PM,NO,0,4.5,N,1.2793238111335068,103.92465041133909
164,BE36,BLK 278-281 BISHAN STREET 24,SURFACE CAR PARK,ELECTRONIC PARKING,WHOLE DAY,NO,YES,0,4.5,N,1.280784248618208,103.92075025009152
165,BE37,BLK 282 BISHAN STREET 22,MULTI-STOREY CAR PARK,ELECTRONIC PARKING,WHOLE DAY,SUN & PH FR 7AM-10.30PM,YES,2,1.95,N,1.280668944583123,103.92125971316767
166,BE38,BLK 283/284 BISHAN STREET 22,SURFACE CAR PARK,ELECTRONIC PARKING,WHOLE DAY,NO,YES,0,4.5,N,1.2808154995028838,103.92214466858806
167,BE39,BLK 263A BISHAN STREET 22,MULTI-STOREY CAR PARK,ELECTRONIC PARKING,7AM-10.30PM,SUN & PH FR 7AM-10.30PM,NO,10,1.9,N,1.2782035941311642,103.92244042093935
168,BE4,BLK 101-116 BISHAN STREET 12,SURFACE CAR PARK,ELECTRONIC PARKING,WHOLE DAY,SUN & PH FR 7AM-10.30PM,YES,0,4.5,N,1.2846518629161636,103.90982162681999
169,BE40,BLK 268A BISHAN STREET 24,MULTI-STOREY CAR PARK,ELECTRONIC PARKING,WHOLE DAY,SUN & PH FR 7AM-10.30PM,YES,10,1.9,N,1.2788767949846083,103.92056737105833
170,BE42,BLK 290A BISHAN STREET 24,MULTI-STOREY CAR PARK,ELECTRONIC PARKING,WHOLE DAY,SUN & PH FR 7AM-10.30PM,YES,12,2.15,N,1.2807971693609874,103.9188293189665
171,BE44,BLK 448A BRIGHT HILL DRIVE,MULTI-STOREY CAR PARK,ELECTRONIC PARKING,WHOLE DAY,SUN & PH FR 7AM-10.30PM,YES,10,2.15,N,1.2677957254814116,103.92108327479579
172,BE45,BLK 275 BISHAN STREET 24,MULTI-STOREY CAR PARK,ELECTRONIC PARKING,7AM-10.30PM,NO,NO,6,2.15,N,1.27991715123945,103.91957103835917
173,BE5,BLK 117-134 BISHAN STREET 12,SURFACE CAR PARK,ELECTRONIC PARKING,WHOLE DAY,SUN & PH FR 7AM-10.30PM,YES,0,4.5,N,1.2872518369048238,103.90950560961788
174,BE6,BLK 135/138 BISHAN STREET 12,SURFACE CAR PARK,ELECTRONIC PARKING,WHOLE DAY,SUN & PH FR 7AM-10.30PM,YES,0,4.5,N,1.2881801248493199,103.90808568598146
175,BE7,BLK 139-144 BISHAN STREET 12,SURFACE CAR PARK,ELECTRONIC PARKING,7AM-7PM,SUN & PH FR 7AM-10.30PM,NO,0,4.5,N,1.28932702282533,103.90834056167394
176,BE8,"BLK 145-150A, 151 BISHAN STREET 11",SURFACE CAR PARK,ELECTRONIC PARKING,WHOLE DAY,SUN & PH FR 7AM-10.30PM,YES,0,4.5,N,1.2916337630351638,103.90777600117
177,BE9,BLK 153-167 BISHAN STREET 13,SURFACE CAR PARK,ELECTRONIC PARKING,WHOLE DAY,SUN & PH FR 7AM-10.30PM,YES,0,4.5,N,1.2925072275273681,103.91049230162258
178,BH1,BLK 1 THOMSON ROAD,SURFACE CAR PARK,ELECTRONIC PARKING,WHOLE DAY,SUN & PH FR 7AM-10.30PM,YES,0,0.0,N,1.278696422986051,103.88845581766226
179,BH2,BLK 2 BALESTIER ROAD,SURFACE CAR PARK,ELECTRONIC PARKING,WHOLE DAY,SUN & PH FR 7AM-10.30PM,YES,0,0.0,N,1.2789997221792522,103.88950363804086
180,BJAL,BLK 517 - 519 JELAPANG ROAD,SURFACE CAR PARK,ELECTRONIC PARKING,WHOLE DAY,SUN & PH FR 7AM-10.30PM,YES,0,4.5,N,1.201713283291614,103.95100266309987
181,BJBL,BLK 533 - 534 BUKIT PANJANG RING ROAD,SURFACE CAR PARK,ELECTRONIC PARKING,WHOLE DAY,SUN & PH FR 7AM-10.30PM,YES,0,4.5,N,1.199608442794739,103.94705654687161
182,BJMP,BLK 259B BANGKIT ROAD,MECHANISED CAR PARK,ELECTRONIC PARKING,WHOLE DAY,NO,YES,15,2.15,N,1.209305580628216,103.94088871251938
183,BJ1,BLK 130-140 CASHEW ROAD,SURFACE CAR PARK,ELECTRONIC PARKING,7AM-10.30PM,SUN & PH FR 7AM-10.30PM,NO,0,0.0,N,1.2050863953660425,103.93710356671984
184,BJ10,BLK 234-241 BUKIT PANJANG RING ROAD,SURFACE CAR PARK,ELECTRONIC PARKING,7AM-10.30PM,SUN & PH FR 7AM-10.30PM,NO,0,4.5,N,1.2064270660124785,103.94205394632596
185,BJ11,BLK 242-245 BUKIT PANJANG RING ROAD,SURFACE CAR PARK,ELECTRONIC PARKING,7AM-10.30PM,SUN & PH FR 7AM-10.30PM,NO,0,0.0,N,1.2076597090451655,103.94386655879474
186,BJ12,BLK 246-255 BANGKIT ROAD,SURFACE CAR PARK,ELECTRONIC PARKING,7AM-10.30PM,SUN & PH FR 7AM-10.30PM,NO,0,0.0,N,1.2102851709899025,103.94335947700135
187,BJ13,BLK 270-277 BANGKIT ROAD,SURFACE CAR PARK,ELECTRONIC PARKING,WHOLE DAY,SUN & PH FR 7AM-10.30PM,YES,0,0.0,N,1.210577303670682,103.94013086516694
188,BJ14,BLK 257 BANGKIT ROAD,SURFACE CAR PARK,ELECTRONIC PARKING,WHOLE DAY,NO,YES,0,0.0,N,1.2093194818129447,103.94210133021595
189,BJ15,BLK 259A BANGKIT ROAD,MULTI-STOREY CAR PARK,ELECTRONIC PARKING,7AM-10.30PM,NO,NO,1,3.0,N,1.2095739568349615,103.94061853406437
190,BJ16,BLK 259A BANGKIT ROAD,MULTI-STOREY CAR PARK,ELECTRONIC PARKING,WHOLE DAY,SUN & PH FR 7AM-10.30PM,YES,10,1.9,N,1.2094113390805503,103.94063048867727
191,BJ17,BLK 401A FAJAR ROAD,MULTI-STOREY CAR PARK,ELECTRONIC PARKING,WHOLE DAY,SUN & PH FR 7AM-10.30PM,YES,5,1.9,N,1.2047065807510466,103.94434991397009
192,BJ18,BLK 401-408 FAJAR ROAD,SURFACE CAR PARK,ELECTRONIC PARKING,WHOLE DAY,SUN & PH FR 7AM-10.30PM,YES,0,5.4,N,1.203867007964312,103.94407145403065
193,BJ19,BLK 409-419 FAJAR ROAD,SURFACE CAR PARK,ELECTRONIC PARKING,NO,SUN & PH FR 7AM-10.30PM,YES,0,4.5,N,1.2041410921443239,103.94711541787957
194,BJ2,BLK 141-151 GANGSA ROAD/PETIR ROAD,SURFACE CAR PARK,ELECTRONIC PARKING,NO,SUN & PH FR 7AM-10.30PM,YES,0,4.5,N,1.2024075340647113,103.93926778986884
195,BJ20,BLK 420-426 FAJAR ROAD,SURFACE CAR PARK,ELECTRONIC PARKING,7AM-10.30PM,SUN & PH FR 7AM-10.30PM,NO,0,4.5,N,1.205547846701882,103.9491265272098
196,BJ21,BLK 427-435 BUKIT PANJANG RING ROAD,SURFACE CAR PARK,ELECTRONIC PARKING,NO,SUN & PH FR 7AM-10.30PM,YES,0,4.5,N,1.2064439049138456,103.94901410650616
197,BJ22,BLK 256/257/260 BANGKIT ROAD,SURFACE CAR PARK,ELECTRONIC PARKING,7AM-10.30PM,NO,NO,0,0.0,N,1.2092933652457911,103.94141258524027
198,BJ23,BLK 258 BUKIT PANJANG RING ROAD,SURFACE CAR PARK,ELECTRONIC PARKING,7AM-10.30PM,NO,NO,0,0.0,N,1.2087378027206643,103.94075768528643
199,BJ24,BLK 436-441 FAJAR ROAD,SURFACE CAR PARK,ELECTRONIC PARKING,WHOLE DAY,SUN & PH FR 7AM-10.30PM,YES,0,4.5,N,1.2062389004994327,103.94635413252149
200,BJ25,BLK 453A FAJAR ROAD,MULTI-STOREY CAR PARK,ELECTRONIC PARKING,WHOLE DAY,SUN & PH FR 7AM-10.30PM,YES,10,2.15,N,1.2075038886569645,103.94797524000589
201,BJ26,BLK 449A BUKIT PANJANG RING ROAD,MULTI-STOREY CAR PARK,ELECTRONIC PARKING,WHOLE DAY,SUN & PH FR 7AM-10.30PM,YES,10,2.15,N,1.2084902049730517,103.94688013896142
202,BJ27,BLK 442A FAJAR ROAD,MULTI-STOREY CAR PARK,ELECTRONIC PARKING,WHOLE DAY,SUN & PH FR 7AM-10.30PM,YES,10,2.15,N,1.2067241881274056,103.94573125138011
203,BJ28,BLK 170A LOMPANG ROAD,MULTI-STOREY CAR PARK,ELECTRONIC PARKING,WHOLE DAY,NO,YES,12,2.15,N,1.2012849786500523,103.94203952373728
204,BJ29,BLK 505A JELAPANG ROAD,MULTI-STOREY CAR PARK,ELECTRONIC PARKING,WHOLE DAY,SUN & PH FR 7AM-10.30PM,YES,12,2.15,N,1.2034357582303965,103.94801388821132
205,BJ3,BLK 101/129 GANGSA ROAD/PENDING ROAD,SURFACE CAR PARK,ELECTRONIC PARKING,WHOLE DAY,SUN & PH FR 7AM-10.30PM,YES,0,5.4,N,1.205141028428876,103.94043537940466
206,BJ30,BLK 510A JELAPANG ROAD,MULTI-STOREY CAR PARK,ELECTRONIC PARKING,WHOLE DAY,SUN & PH FR 7AM-10.30PM,YES,12,2.15,N,1.2047403134665131,103.95009156369628
207,BJ31,BLK 513A JELAPANG ROAD,MULTI-STOREY CAR PARK,ELECTRONIC PARKING,7AM-10.30PM,SUN & PH FR 7AM-10.30PM,NO,2,2.15,N,1.2032292790996468,103.95099526498852
208,BJ32,BLK 518A JELAPANG ROAD,MULTI-STOREY CAR PARK,ELECTRONIC PARKING,WHOLE DAY,SUN & PH FR 7AM-10.30PM,YES,12,2.15,N,1.2026834777419342,103.94962924761353
209,BJ33,BLK 234A BUKIT PANJANG RING ROAD,MULTI-STOREY CAR PARK,ELECTRONIC PARKING,WHOLE DAY,SUN & PH FR 7AM-10.30PM,YES,12,2.15,N,1.2077917618729885,103.94223301465459
210,BJ34,BLK 517A JELAPANG ROAD,MULTI-STOREY CAR PARK,ELECTRONIC PARKING,WHOLE DAY,SUN & PH FR 7AM-10.30PM,YES,2,2.15,N,1.202262931188797,103.9508533417083
211,BJ35,BLK 521A JELAPANG ROAD,MULTI-STOREY CAR PARK,ELECTRONIC PARKING,WHOLE DAY,SUN & PH FR 7AM-10.30PM,YES,2,2.15,N,1.2016549101766547,103.95010364596693
212,BJ36,BLK 525A JELAPANG ROAD,MULTI-STOREY CAR PARK,ELECTRONIC PARKING,WHOLE DAY,SUN & PH FR 7AM-10.30PM,YES,2,2.15,N,1.2010762633536443,103.94933753871533
213,BJ37,BLK 529A JELAPANG ROAD,MULTI-STOREY CAR PARK,ELECTRONIC PARKING,WHOLE DAY,SUN & PH FR 7AM-10.30PM,YES,12,2.15,N,1.2004182223135276,103.948504659326
214,BJ38,BLK 533A BUKIT PANJANG RING ROAD,MULTI-STOREY CAR PARK,ELECTRONIC PARKING,WHOLE DAY,SUN & PH FR 7AM-10.30PM,YES,7,2.15,N,1.1991518922787392,103.94821114437188
215,BJ39,BLK 537A BUKIT PANJANG RING ROAD,MULTI-STOREY CAR PARK,ELECTRONIC PARKING,WHOLE DAY,SUN & PH FR 7AM-10.30PM,YES,7,2.15,N,1.1985816763326056,103.94731210239304
216,BJ4,BLK 219/233 PETIR ROAD,SURFACE CAR PARK,ELECTRONIC PARKING,WHOLE DAY,SUN & PH FR 7AM-10.30PM,YES,0,4.5,N,1.2080402099458574,103.93866810959483
217,BJ40,BLK 541A BUKIT PANJANG RING ROAD,MULTI-STOREY CAR PARK,ELECTRONIC PARKING,WHOLE DAY,SUN & PH FR 7AM-10.30PM,YES,11,2.15,N,1.1986235405034618,103.94591519517498
218,BJ41,BLK 152A GANGSA ROAD,MULTI-STOREY CAR PARK,ELECTRONIC PARKING,WHOLE DAY,SUN & PH FR 7AM-10.30PM,YES,12,2.15,N,1.2011929051412582,103.93864882880277
219,BJ42,BLK 163A GANGSA ROAD,MULTI-STOREY CAR PARK,ELECTRONIC PARKING,WHOLE DAY,SUN & PH FR 7AM-10.30PM,YES,12,2.15,N,1.2000173229961415,103.94004892305931
220,BJ43,BLK 603A SENJA ROAD,MULTI-STOREY CAR PARK,ELECTRONIC PARKING,WHOLE DAY,SUN & PH FR 7AM-10.30PM,YES,12,2.15,N,1.1973916297142675,103.94481699595742
221,BJ44,BLK 177A LOMPANG ROAD,MULTI-STOREY CAR PARK,ELECTRONIC PARKING,WHOLE DAY,NO,YES,9,2.15,N,1.2007221447402185,103.9437524642417
222,BJ45,BLK 180A LOMPANG ROAD,MULTI-STOREY CAR PARK,ELECTRONIC PARKING,WHOLE DAY,NO,YES,8,2.15,N,1.2007442960426764,103.9418041782068
223,BJ48,BLK 651A SENJA LINK,MULTI-STOREY CAR PARK,ELECTRONIC PARKING,WHOLE DAY,SUN & PH FR 7AM-10.30PM,YES,6,2.15,N,1.2003358218775293,103.95024699385861
224,BJ49,BLK 611A/613A/615A/616A BUKIT PANJANG RING ROAD/SENJA ROAD,MULTI-STOREY CAR PARK,ELECTRONIC PARKING,WHOLE DAY,SUN & PH FR 7AM-10.30PM,YES,6,2.15,N,1.197199505912911,103.94797343904963
225,BJ5,BLK 225A PETIR ROAD MSCP,MULTI-STOREY CAR PARK,ELECTRONIC PARKING,WHOLE DAY,SUN & PH FR 7AM-10.30PM,YES,5,1.9,N,1.2088647864247057,103.93813178965205
226,BJ50,BLK 468A SEGAR ROAD,MULTI-STOREY CAR PARK,ELECTRONIC PARKING,WHOLE DAY,SUN & PH FR 7AM-10.30PM,YES,10,2.15,N,1.209480218352436,103.95123888654811
227,BJ51,BLK 181A JELEBU ROAD,MULTI-STOREY CAR PARK,ELECTRONIC PARKING,WHOLE DAY,NO,YES,12,2.15,N,1.1991898272973869,103.94251001000808
228,BJ52,BLK 185A JELEBU ROAD,MULTI-STOREY CAR PARK,ELECTRONIC PARKING,WHOLE DAY,NO,YES,12,2.15,N,1.1983581377139476,103.94222679942372
229,BJ53,BLK 480A SEGAR ROAD,MULTI-STOREY CAR PARK,ELECTRONIC PARKING,WHOLE DAY,SUN & PH FR 7AM-10.30PM,YES,5,2.15,N,1.207712022944605,103.9528471901024
230,BJ54,BLK 476A SEGAR ROAD,MULTI-STOREY CAR PARK,ELECTRONIC PARKING,WHOLE DAY,SUN & PH FR 7AM-10.30PM,YES,7,2.15,N,1.209290169406548,103.9520971056945
231,BJ55,BLK 625A SENJA ROAD,MULTI-STOREY CAR PARK,ELECTRONIC PARKING,WHOLE DAY,SUN & PH FR 7AM-10.30PM,YES,13,2.15,N,1.1964851161204064,103.94934994527999
232,BJ56,BLK 629A SENJA ROAD,MULTI-STOREY CAR PARK,ELECTRONIC PARKING,WHOLE DAY,SUN & PH FR 7AM-10.30PM,YES,14,2.15,N,1.194646234837691,103.94896073260885
233,BJ57,BLK 628 SENJA ROAD,SURFACE CAR PARK,ELECTRONIC PARKING,WHOLE DAY,NO,YES,0,0.0,N,1.1958747176801312,103.94832487673897
234,BJ58,BLK 455A SEGAR ROAD,MULTI-STOREY CAR PARK,ELECTRONIC PARKING,WHOLE DAY,SUN & PH FR 7AM-10.30PM,YES,8,2.15,N,1.207048363640076,103.95058354404424
235,BJ59,BLK 488A SEGAR ROAD,MULTI-STOREY CAR PARK,ELECTRONIC PARKING,WHOLE DAY,SUN & PH FR 7AM-10.30PM,YES,10,2.15,N,1.2070398095567596,103.95290905110912
236,BJ6,BLK 217A PETIR ROAD MSCP,MULTI-STOREY CAR PARK,ELECTRONIC PARKING,WHOLE DAY,SUN & PH FR 7AM-10.30PM,YES,5,1.9,N,1.2102024382238683,103.93731696706612
237,BJ60,BLK 547 SEGAR ROAD,MULTI-STOREY CAR PARK,ELECTRONIC PARKING,WHOLE DAY,SUN & PH FR 7AM-10.30PM,YES,9,2.15,N,1.2052834502066432,103.9513749343674
238,BJ61,BLK 548 SEGAR ROAD,MULTI-STOREY CAR PARK,ELECTRONIC PARKING,WHOLE DAY,SUN & PH FR 7AM-10.30PM,YES,8,2.15,N,1.2035848434585907,103.95204684453367
239,BJ62,BLK 454 FAJAR ROAD,SURFACE CAR PARK,ELECTRONIC PARKING,WHOLE DAY,NO,YES,0,0.0,N,1.2071729180761812,103.94734880993154
240,BJ63,BLK 443 FAJAR ROAD,MULTI-STOREY CAR PARK,ELECTRONIC PARKING,WHOLE DAY,SUN & PH FR 7AM-10.30PM,YES,12,2.15,N,1.2060606638439968,103.94441478830996
241,BJ65,BLK 632 SENJA ROAD,MULTI-STOREY CAR PARK,ELECTRONIC PARKING,NO,SUN & PH FR 7AM-10.30PM,YES,9,2.15,N,1.1944565752476035,103.94778135824751
242,BJ66,BLK 634 SENJA ROAD,MULTI-STOREY CAR PARK,ELECTRONIC PARKING,WHOLE DAY,SUN & PH FR 7AM-10.30PM,YES,10,2.15,N,1.1933909756664172,103.94931576564802
243,BJ67,BLK 636 SENJA ROAD,MULTI-STOREY CAR PARK,ELECTRONIC PARKING,WHOLE DAY,SUN & PH FR 7AM-10.30PM,YES,10,2.15,N,1.193673059719885,103.95041001624467
244,BJ68,BLK 422A FAJAR ROAD,MULTI-STOREY CAR PARK,ELECTRONIC PARKING,WHOLE DAY,SUN & PH FR 7AM-10.30PM,YES,12,2.15,N,1.2057376072412491,103.9484546843598
245,BJ69,BLK 643 SENJA CLOSE,MULTI-STOREY CAR PARK,ELECTRONIC PARKING,NO,SUN & PH FR 7AM-10.30PM,YES,10,2.15,N,1.198795724543431,103.95090883023138
246,BJ70,BLK 646 SENJA CLOSE,MULTI-STOREY CAR PARK,ELECTRONIC PARKING,NO,SUN & PH FR 7AM-10.30PM,YES,8,2.15,N,1.1994976317467554,103.9525938115124
247,BJ71,BLK 642 SENJA CLOSE,MULTI-STOREY CAR PARK,ELECTRONIC PARKING,NO,SUN & PH FR 7AM-10.30PM,YES,7,2.15,N,1.1976325313519212,103.95006406597302
248,BJ72,BLK 638 SENJA CLOSE,MULTI-STOREY CAR PARK,ELECTRONIC PARKING,NO,SUN & PH FR 7AM-10.30PM,YES,8,2.15,N,1.1965807881390167,103.95192804643412
249,BJ8,BLK 201/218 PETIR ROAD,SURFACE CAR PARK,ELECTRONIC PARKING,WHOLE DAY,SUN & PH FR 7AM-10.30PM,YES,0,4.5,N,1.2093867467844657,103.93784186235006
250,BKE1,BLK 668 CHANDER ROAD,SURFACE CAR PARK,ELECTRONIC PARKING,WHOLE DAY,NO,YES,0,0.0,N,1.2878923575960586,103.87139422293265
251,BKE2,BLK 681/682 RACE COURSE ROAD,SURFACE CAR PARK,ELECTRONIC PARKING,WHOLE DAY,NO,YES,0,2.3,N,1.291800965575494,103.87766285696496
252,BKE3,BLK 682/683 RACE COURSE ROAD,SURFACE CAR PARK,ELECTRONIC PARKING,WHOLE DAY,NO,YES,0,2.3,N,1.2921239172833954,103.8779481496365
253,BKE4,BLK 684/685 RACE COURSE ROAD,SURFACE CAR PARK,ELECTRONIC PARKING,7AM-7PM,NO,NO,0,0.0,N,1.2931707720237036,103.87798309155214
254,BKE7,BLK 678 PERUMAL ROAD,MULTI-STOREY CAR PARK,ELECTRONIC PARKING,WHOLE DAY,SUN & PH FR 7AM-10.30PM,YES,11,1.9,N,1.2916419716993068,103.87615746871515
255,BKE9,BLK 668 CHANDER ROAD,SURFACE CAR PARK,ELECTRONIC PARKING,WHOLE DAY,NO,YES,0,0.0,N,1.2877589682377153,103.87091560436606
256,BKRM,BLK 6A BOON KENG ROAD,MULTI-STOREY CAR PARK,ELECTRONIC PARKING,WHOLE DAY,SUN & PH FR 7AM-10.30PM,YES,10,2.0,N,1.2977271072836714,103.88079096291156
257,BLM,BLK 10 BENDEMEER ROAD,MULTI-STOREY CAR PARK,ELECTRONIC PARKING,WHOLE DAY,NO,YES,7,2.15,N,1.2973151484679473,103.87903247902527
258,BL10,BLK 188/191 BOON LAY DRIVE,SURFACE CAR PARK,ELECTRONIC PARKING,WHOLE DAY,SUN & PH FR 7AM-10.30PM,YES,0,9.99,N,1.14681463249671,103.90710479342752
259,BL13,BLK 198/206 BOON LAY DRIVE,SURFACE CAR PARK,ELECTRONIC PARKING,WHOLE DAY,SUN & PH FR 7AM-10.30PM,YES,0,4.5,N,1.1504480405735273,103.90802941670233
260,BL15,BLK 257A BOON LAY DRIVE,MULTI-STOREY CAR PARK,ELECTRONIC PARKING,WHOLE DAY,SUN & PH FR 7AM-10.30PM,YES,10,1.9,N,1.1429267916428638,103.90930022592654
261,BL17,BLK 268 BOON LAY DRIVE,MULTI-STOREY CAR PARK,ELECTRONIC PARKING,WHOLE DAY,SUN & PH FR 7AM-10.30PM,YES,10,2.15,N,1.1431064842304204,103.91118761210865
262,BL18,BLK 208A BOON LAY PLACE,MULTI-STOREY CAR PARK,ELECTRONIC PARKING,WHOLE DAY,SUN & PH FR 7AM-10.30PM,YES,10,2.15,N,1.1498327618003132,103.9098743489494
263,BL19,BLK 212A BOON LAY PLACE,MULTI-STOREY CAR PARK,ELECTRONIC PARKING,WHOLE DAY,SUN & PH FR 7AM-10.30PM,YES,10,2.15,N,1.1487476812114357,103.91208764190574
264,BL20,180 BOON LAY DRIVE,MULTI-STOREY CAR PARK,ELECTRONIC PARKING,WHOLE DAY,SUN & PH FR 7AM-10.30PM,YES,5,2.15,N,1.1435438787300884,103.9114131409403
265,BL21,183 BOON LAY AVENUE,MULTI-STOREY CAR PARK,ELECTRONIC PARKING,WHOLE DAY,SUN & PH FR 7AM-10.30PM,YES,10,2.15,N,1.1447501260864457,103.91256418115468
266,BL22,BLK 196 BOON LAY DRIVE,MULTI-STOREY CAR PARK,ELECTRONIC PARKING,WHOLE DAY,SUN & PH FR 7AM-10.30PM,YES,12,2.15,N,1.1491543664890067,103.90589430966496
267,BL23,BLK 216 BOON LAY AVENUE,MULTI-STOREY CAR PARK,ELECTRONIC PARKING,WHOLE DAY,SUN & PH FR 7AM-10.30PM,YES,16,2.15,N,1.1469704403940757,103.91286590497018
268,BL3,BLK 174/179 BOON LAY DRIVE,SURFACE CAR PARK,ELECTRONIC PARKING,WHOLE DAY,SUN & PH FR 7AM-10.30PM,YES,0,9.99,N,1.1446099709246798,103.91019751024959
269,BL8,BLK 221 BOON LAY PLACE,SURFACE CAR PARK,ELECTRONIC PARKING,WHOLE DAY,SUN & PH FR 7AM-10.30PM,YES,0,4.5,N,1.1487931517654548,103.90875724629836
270,BL8L,BLK 221 BOON LAY PLACE,SURFACE CAR PARK,ELECTRONIC PARKING,NO,NO,NO,0,4.5,N,1.1474574846994772,103.90955154151423
271,BL9,BLK 185/187 BOON LAY AVENUE,SURFACE CAR PARK,ELECTRONIC PARKING,WHOLE DAY,SUN & PH FR 7AM-10.30PM,YES,0,4.15,N,1.146104963726147,103.90920015273241
272,BMVM,BLK 126A BUKIT MERAH VIEW,MULTI-STOREY CAR PARK,ELECTRONIC PARKING,WHOLE DAY,SUN & PH FR 7AM-10.30PM,YES,11,1.9,N,1.259241060069311,103.8483507323259
273,BM1,BLK 28 JALAN BUKIT MERAH,SURFACE CAR PARK,ELECTRONIC PARKING,WHOLE DAY,NO,YES,0,0.0,N,1.2455954538642873,103.85001632805687
274,BM10,BLK 56/57 LENGKOK BAHRU,SURFACE CAR PARK,ELECTRONIC PARKING,WHOLE DAY,SUN & PH FR 7AM-10.30PM,YES,0,4.5,N,1.2501229568829977,103.85179804711274
275,BM12,BLK 55 LENGKOK BAHRU,SURFACE CAR PARK,ELECTRONIC PARKING,WHOLE DAY,SUN & PH FR 7AM-10.30PM,YES,0,4.5,N,1.2493228589714998,103.85137681727022
276,BM13,BLK 44/47 LENGKOK BAHRU,SURFACE CAR PARK,ELECTRONIC PARKING,WHOLE DAY,NO,YES,0,0.0,N,1.248232771392594,103.85060798607785
277,BM14,BLK 34-36 JALAN RUMAH TINGGI,SURFACE CAR PARK,ELECTRONIC PARKING,7AM-10.30PM,NO,NO,0,5.4,N,1.2448672330782602,103.85273669328268
278,BM19,BLK 88/89 REDHILL CLOSE,SURFACE CAR PARK,ELECTRONIC PARKING,WHOLE DAY,SUN & PH FR 7AM-10.30PM,YES,0,0.0,N,1.2547858202516833,103.84942987827179
279,BM2,BLK 28 HOY FATT ROAD,SURFACE CAR PARK,ELECTRONIC PARKING,WHOLE DAY,NO,YES,0,2.1,N,1.2459795242669913,103.85056086075659
280,BM20,BLK 89/90 REDHILL CLOSE,SURFACE CAR PARK,ELECTRONIC PARKING,WHOLE DAY,SUN & PH FR 7AM-10.30PM,YES,0,0.0,N,1.2548437530823473,103.8489677272721
281,BM26,BLK 1/3/5 JALAN BUKIT MERAH,SURFACE CAR PARK,ELECTRONIC PARKING,WHOLE DAY,NO,YES,0,4.5,N,1.2434368453755225,103.85099879722283
282,BM27,BLK 115/116 BUKIT MERAH CENTRAL,SURFACE CAR PARK,COUPON PARKING,NO,NO,NO,0,4.5,N,1.2508407161868318,103.84778766950433
283,BM28,"BLK 117, 161 BUKIT MERAH CENTRAL",SURFACE CAR PARK,ELECTRONIC PARKING,7AM-10.30PM,NO,NO,0,9.99,N,1.2518876692656886,103.84772781797592
284,BM29,BLK 163 BUKIT MERAH CENTRAL,BASEMENT CAR PARK,ELECTRONIC PARKING,WHOLE DAY,NO,YES,1,2.0,Y,1.2531719881707395,103.84736554448918
285,BM3,BLK 49/50 HOY FATT ROAD,SURFACE CAR PARK,ELECTRONIC PARKING,WHOLE DAY,NO,YES,0,4.5,N,1.2475644310809608,103.85141232314906
286,BM30,BLK 164/165 BUKIT MERAH CENTRAL,SURFACE CAR PARK,ELECTRONIC PARKING,7AM-10.30PM,NO,NO,0,9.99,N,1.2528038458581008,103.84696775582961
287,BM31,BLK 119 BUKIT MERAH CENTRAL,MULTI-STOREY CAR PARK,ELECTRONIC PARKING,WHOLE DAY,SUN & PH FR 7AM-10.30PM,YES,10,1.9,N,1.2526444012133242,103.84618762016777
288,BM33,BLKS 167-169 JALAN BUKIT MERAH,MULTI-STOREY CAR PARK,ELECTRONIC PARKING,WHOLE DAY,NO,YES,14,1.9,N,1.2547338891857058,103.84648443254562
289,BM36,JALAN BUKIT MERAH,SURFACE CAR PARK,COUPON PARKING,NO,NO,NO,0,4.5,N,1.2539356917336846,103.84654200809595
290,BM4,BLK 35A JALAN RUMAH TINGGI,MULTI-STOREY CAR PARK,ELECTRONIC PARKING,WHOLE DAY,SUN & PH FR 7AM-10.30PM,YES,0,2.15,N,1.2449751299722658,103.85137210813923
291,BM5,BLKS 8/10 JALAN RUMAH TINGGI,SURFACE CAR PARK,ELECTRONIC PARKING,7AM-7PM,NO,NO,0,4.5,N,1.2436308310633597,103.85213144917427
292,BM6,BLK 61 LENGKOK BAHRU,SURFACE CAR PARK,ELECTRONIC PARKING,WHOLE DAY,SUN & PH FR 7AM-10.30PM,YES,0,0.0,N,1.249815660307606,103.85322616108428
293,BM9,BLK 58/59 LENGKOK BAHRU,SURFACE CAR PARK,ELECTRONIC PARKING,WHOLE DAY,SUN & PH FR 7AM-10.30PM,YES,0,4.5,N,1.2504130265629352,103.85279357927104
294,BP1,BLK 101/109 BUKIT PURMEI ROAD,SURFACE CAR PARK,ELECTRONIC PARKING,WHOLE DAY,SUN & PH FR 7AM-10.30PM,YES,0,4.5,N,1.260993205797949,103.83659570957171
295,BP2,BLK 110/115 BUKIT PURMEI ROAD,SURFACE CAR PARK,ELECTRONIC PARKING,7AM-10.30PM,SUN & PH FR 7AM-10.30PM,NO,0,1.9,N,1.2631413358692696,103.8378840878704
296,BRBL,BLK 665 BUFFALO ROAD LOADING/UNLOADING BAYS,SURFACE CAR PARK,ELECTRONIC PARKING,NO,NO,NO,0,0.0,N,1.2869977816027636,103.87018003738994
297,BRB1,BLK 665 BUFFALO ROAD BASEMENT CAR PARK,BASEMENT CAR PARK,ELECTRONIC PARKING,WHOLE DAY,NO,YES,1,1.8,Y,1.2868754937741333,103.86965330417374
298,BRM,BLK 39 BENDEMEER ROAD,MULTI-STOREY CAR PARK,ELECTRONIC PARKING,WHOLE DAY,SUN & PH FR 7AM-10.30PM,YES,4,2.15,N,1.302562854639786,103.8842396783618
299,BRM1,BLK 112A WHAMPOA ROAD,MULTI-STOREY CAR PARK,ELECTRONIC PARKING,WHOLE DAY,SUN & PH FR 7AM-10.30PM,YES,11,2.0,N,1.2930576854281777,103.88994072309696
300,BRM2,BLK 32A JALAN BAHAGIA,MULTI-STOREY CAR PARK,ELECTRONIC PARKING,WHOLE DAY,SUN & PH FR 7AM-10.30PM,YES,12,2.0,N,1.2940188046325307,103.8894326186301
301,BRM3,BLK 98A WHAMPOA DRIVE,MULTI-STOREY CAR PARK,ELECTRONIC PARKING,WHOLE DAY,SUN & PH FR 7AM-10.30PM,YES,7,2.0,N,1.2909717695500318,103.88501488808755
302,BRM4,BLK 85A WHAMPOA DRIVE,MULTI-STOREY CAR PARK,ELECTRONIC PARKING,WHOLE DAY,SUN & PH FR 7AM-10.30PM,YES,2,2.1,N,1.292398636627557,103.88620971624242
303,BRM5,BLK 19A JALAN TENTERAM,MULTI-STOREY CAR PARK,ELECTRONIC PARKING,WHOLE DAY,SUN & PH FR 7AM-10.30PM,YES,13,2.0,N,1.2958323691027802,103.89099233972466
304,BRM6,BLK 116 JALAN TENTERAM,MULTI-STOREY CAR PARK,ELECTRONIC PARKING,WHOLE DAY,SUN & PH FR 7AM-10.30PM,YES,6,2.15,N,1.2975509344769223,103.89123014315392
305,BRM7,BLK 78A LORONG LIMAU,MULTI-STOREY CAR PARK,ELECTRONIC PARKING,WHOLE DAY,NO,YES,12,2.15,N,1.2917222403791575,103.88784268678363
306,BR10,BLK 90 WHAMPOA DRIVE,SURFACE CAR PARK,ELECTRONIC PARKING,WHOLE DAY,SUN & PH FR 7AM-10.30PM,YES,0,0.0,N,1.2908187474823465,103.88649602896261
307,BR11,BLKS 27-30 & 32-33 JALAN BAHAGIA,SURFACE CAR PARK,ELECTRONIC PARKING,WHOLE DAY,SUN & PH FR 7AM-10.30PM,YES,0,0.0,N,1.2953075609326208,103.88971858577841
308,BR12,BLKS 34/35 JALAN BAHAGIA,SURFACE CAR PARK,ELECTRONIC PARKING,WHOLE DAY,SUN & PH FR 7AM-10.30PM,YES,0,0.0,N,1.2940533661151261,103.89066564968984
309,BR14,BLK 20 JALAN TENTERAM,SURFACE CAR PARK,ELECTRONIC PARKING,WHOLE DAY,SUN & PH FR 7AM-10.30PM,YES,0,5.4,N,1.296333261649637,103.88941440213699
310,BR18,BLK 111A SAINT MICHAEL BUS TERMINAL,SURFACE CAR PARK,COUPON PARKING,WHOLE DAY,SUN & PH FR 7AM-10.30PM,YES,0,0.0,N,1.2920721401145059,103.88972641792874
311,BR21,BLK 41/47 JALAN BAHAGIA,SURFACE CAR PARK,COUPON PARKING,7AM-10.30PM,SUN & PH FR 7AM-10.30PM,NO,0,0.0,N,1.2929688431951427,103.89070961257887
312,BR22,BLK 61/62 JALAN MA'MOR,SURFACE CAR PARK,COUPON PARKING,7AM-10.30PM,SUN & PH FR 7AM-10.30PM,NO,0,0.0,N,1.2939271353460648,103.89178970184624
313,BR4,BLK 81/89 WHAMPOA DRIVE,SURFACE CAR PARK,ELECTRONIC PARKING,WHOLE DAY,SUN & PH FR 7AM-10.30PM,YES,0,0.0,N,1.2917417346376872,103.88705117888739
314,BR5,BLK 74/75 WHAMPOA DRIVE,SURFACE CAR PARK,ELECTRONIC PARKING,WHOLE DAY,SUN & PH FR 7AM-10.30PM,YES,0,2.9,N,1.2945288632693261,103.88837440177218
315,BR6,BLK 92 WHAMPOA DRIVE,SURFACE CAR PARK,ELECTRONIC PARKING,WHOLE DAY,SUN & PH FR 7AM-10.30PM,YES,0,0.0,N,1.2898439407249023,103.88651615581331
316,BR8,BLK 76/77 LORONG LIMAU,SURFACE CAR PARK,ELECTRONIC PARKING,WHOLE DAY,NO,YES,0,3.0,N,1.290873069502629,103.88862371321315
317,BR9,BLK 69 MOULMEIN ROAD,SURFACE CAR PARK,ELECTRONIC PARKING,WHOLE DAY,SUN & PH FR 7AM-10.30PM,YES,0,0.0,N,1.2870333136994152,103.88246607362689
318,BTM,BLK 2B BOON TIONG ROAD,MULTI-STOREY CAR PARK,ELECTRONIC PARKING,WHOLE DAY,SUN & PH FR 7AM-10.30PM,YES,12,2.15,N,1.2694674779207336,103.85049449448019
319,BTM2,BLK 8C BOON TIONG ROAD,MULTI-STOREY CAR PARK,ELECTRONIC PARKING,WHOLE DAY,SUN & PH FR 7AM-10.30PM,YES,12,2.15,N,1.2657950892499472,103.85067247598843
320,BTM3,BLK 11A BOON TIONG ROAD,MULTI-STOREY CAR PARK,ELECTRONIC PARKING,WHOLE DAY,NO,YES,10,2.15,N,1.2648462238096636,103.85002481269876
321,BVM2,BLK 129A BUKIT MERAH VIEW,MULTI-STOREY CAR PARK,ELECTRONIC PARKING,WHOLE DAY,SUN & PH FR 7AM-10.30PM,YES,10,2.15,N,1.2594891327859938,103.84722455826109
322,BWM,BLK 2A JALAN BUKIT MERAH,MULTI-STOREY CAR PARK,ELECTRONIC PARKING,WHOLE DAY,NO,YES,7,2.15,N,1.242706758309641,103.8506376301811
323,B10,BLK 404/413 BEDOK NORTH AVENUE 3,SURFACE CAR PARK,ELECTRONIC PARKING,WHOLE DAY,SUN & PH FR 7AM-10.30PM,YES,0,4.5,N,1.3705340635913372,103.89247097017588
324,B10M,BLK 431 BEDOK NORTH ROAD,MULTI-STOREY CAR PARK,ELECTRONIC PARKING,WHOLE DAY,SUN & PH FR 7AM-10.30PM,YES,8,2.15,N,1.3693426538465068,103.89265154538697
325,B11,BLK 416/418 BEDOK NORTH AVENUE 2,SURFACE CAR PARK,ELECTRONIC PARKING,WHOLE DAY,SUN & PH FR 7AM-10.30PM,YES,0,4.5,N,1.3672011316849322,103.89178882799557
326,B12,BLK 420/421 BEDOK NORTH STREET 1,SURFACE CAR PARK,ELECTRONIC PARKING,WHOLE DAY,SUN & PH FR 7AM-10.30PM,YES,0,4.5,N,1.3646672388170225,103.89104979793842
327,B13,BLK 414/425 BEDOK NORTH ROAD,SURFACE CAR PARK,ELECTRONIC PARKING,WHOLE DAY,SUN & PH FR 7AM-10.30PM,YES,0,4.5,N,1.3665645511837703,103.89309159789082
328,B14,BLK 412/413 BEDOK NORTH AVENUE 2,SURFACE CAR PARK,ELECTRONIC PARKING,WHOLE DAY,SUN & PH FR 7AM-10.30PM,YES,0,4.5,N,1.3682567764423539,103.89260074774201
329,B16,"BLKS 59, 62-65 NEW UPPER CHANGI ROAD",SURFACE CAR PARK,ELECTRONIC PARKING,WHOLE DAY,SUN & PH FR 7AM-10.30PM,YES,0,4.5,N,1.3774304835934676,103.88697960307367
330,B17,BLK 52/57 NEW UPPER CHANGI ROAD,SURFACE CAR PARK,ELECTRONIC PARKING,WHOLE DAY,SUN & PH FR 7AM-10.30PM,YES,0,4.5,N,1.3787364989328896,103.8876917210747
331,B19,"BLK 36-44, 60 BEDOK SOUTH ROAD",SURFACE CAR PARK,ELECTRONIC PARKING,WHOLE DAY,SUN & PH FR 7AM-10.30PM,YES,0,4.5,N,1.3778346597730695,103.88541315142352
332,B20,BLK 67/73 BEDOK SOUTH ROAD,SURFACE CAR PARK,ELECTRONIC PARKING,WHOLE DAY,SUN & PH FR 7AM-10.30PM,YES,0,4.5,N,1.3803101183010165,103.88330208307526
333,B21,BLK 74/82 BEDOK NORTH ROAD,SURFACE CAR PARK,ELECTRONIC PARKING,WHOLE DAY,SUN & PH FR 7AM-10.30PM,YES,0,5.4,N,1.3779203155491093,103.8916265373344
334,B23L,BLK 187 BEDOK NORTH STREET 4,SURFACE CAR PARK,ELECTRONIC PARKING,NO,NO,NO,0,0.0,N,1.376674670759453,103.89387745796878
335,B23M,BLK 187 BEDOK NORTH STREET 4,MULTI-STOREY CAR PARK,ELECTRONIC PARKING,WHOLE DAY,SUN & PH FR 7AM-10.30PM,YES,8,2.15,N,1.3775144205198904,103.89412023576837
336,B24,BLK 84/89 BEDOK NORTH AVENUE 4,SURFACE CAR PARK,ELECTRONIC PARKING,WHOLE DAY,NO,YES,0,4.5,N,1.3751503531092177,103.89606692996915
337,B24A,BLK 84 BEDOK NORTH STREET 4,SURFACE CAR PARK,COUPON PARKING,WHOLE DAY,NO,YES,0,0.0,N,1.3764803970075914,103.89469182647974
338,B25,BLK 91/97 BEDOK NORTH AVENUE 4,SURFACE CAR PARK,ELECTRONIC PARKING,7AM-7PM,NO,NO,0,4.5,N,1.377360245018016,103.89638697930954
339,B26,BLK 98/100 BEDOK NORTH AVENUE 4,SURFACE CAR PARK,ELECTRONIC PARKING,WHOLE DAY,SUN & PH FR 7AM-10.30PM,YES,0,0.0,N,1.3772094273885802,103.89771726439656
340,B27,BLK 101/106 BEDOK NORTH AVENUE 4,SURFACE CAR PARK,ELECTRONIC PARKING,WHOLE DAY,SUN & PH FR 7AM-10.30PM,YES,0,4.5,N,1.374892106431619,103.89752808167881
341,B28,BLK 107/110 BEDOK NORTH ROAD,SURFACE CAR PARK,ELECTRONIC PARKING,WHOLE DAY,SUN & PH FR 7AM-10.30PM,YES,0,4.5,N,1.3724092103933454,103.89596502883938
342,B30,BLK 119/123 BEDOK NORTH STREET 2,SURFACE CAR PARK,ELECTRONIC PARKING,WHOLE DAY,SUN & PH FR 7AM-10.30PM,YES,0,4.5,N,1.3756123155769768,103.89337995295656
343,B31,BLK 124/129 BEDOK NORTH STREET 2,SURFACE CAR PARK,ELECTRONIC PARKING,WHOLE DAY,SUN & PH FR 7AM-10.30PM,YES,0,4.5,N,1.3757098047490235,103.891947590175
344,B32,BLK 130/132 BEDOK NORTH STREET 2,SURFACE CAR PARK,ELECTRONIC PARKING,WHOLE DAY,SUN & PH FR 7AM-10.30PM,YES,0,4.5,N,1.373603624993001,103.89086386990822
345,B33,BLK 131/133 BEDOK NORTH AVENUE 3,SURFACE CAR PARK,ELECTRONIC PARKING,WHOLE DAY,SUN & PH FR 7AM-10.30PM,YES,0,4.5,N,1.3726401307287668,103.89069508356668
346,B34,BLK 134/136 BEDOK NORTH AVENUE 3,SURFACE CAR PARK,ELECTRONIC PARKING,WHOLE DAY,SUN & PH FR 7AM-10.30PM,YES,0,4.5,N,1.3725125072029196,103.89175964892264
347,B35,BLK 137/140 BEDOK NORTH AVENUE 3,SURFACE CAR PARK,ELECTRONIC PARKING,WHOLE DAY,SUN & PH FR 7AM-10.30PM,YES,0,4.5,N,1.37201201485818,103.89250064220786
348,B40,BLK 504/508 BEDOK NORTH STREET 3,SURFACE CAR PARK,ELECTRONIC PARKING,WHOLE DAY,SUN & PH FR 7AM-10.30PM,YES,0,0.0,N,1.3695901710381788,103.89596996600628
349,B41,BLK 510 BEDOK NORTH STREET 3,SURFACE CAR PARK,ELECTRONIC PARKING,7AM-7PM,NO,NO,0,0.0,N,1.3683046350222483,103.8959748199648
350,B42,BLK 509/511 BEDOK NORTH STREET 3,SURFACE CAR PARK,ELECTRONIC PARKING,WHOLE DAY,NO,YES,0,0.0,N,1.3676285905330592,103.89587230985494
351,B43,BLK 519/522 553 BEDOK NORTH AVENUE 1/2,SURFACE CAR PARK,ELECTRONIC PARKING,WHOLE DAY,SUN & PH FR 7AM-10.30PM,YES,0,0.0,N,1.364390117477612,103.89453412566584
352,B44,BLK 528/536 BEDOK NORTH STREET 3,SURFACE CAR PARK,ELECTRONIC PARKING,WHOLE DAY,SUN & PH FR 7AM-10.30PM,YES,0,4.5,N,1.3642946985290312,103.89738181748946
353,B44A,BLK 523/527 BEDOK NORTH STREET 3,SURFACE CAR PARK,ELECTRONIC PARKING,WHOLE DAY,SUN & PH FR 7AM-10.30PM,YES,0,4.5,N,1.366655181845854,103.89782326675261
354,B44B,BLKS 556/557 BEDOK NORTH STREET 3,SURFACE CAR PARK,ELECTRONIC PARKING,NO,NO,YES,0,0.0,N,1.35966731628398,103.89572238171102
355,B45,BLK 537/539 BEDOK NORTH STREET 3,SURFACE CAR PARK,ELECTRONIC PARKING,WHOLE DAY,NO,YES,0,4.5,N,1.3622016255796574,103.89510510165229
356,B46,BLK 537 BEDOK NORTH STREET 3,SURFACE CAR PARK,ELECTRONIC PARKING,7AM-10.30PM,NO,NO,0,0.0,N,1.360946539639138,103.8947485634301
357,B47,BLK 540/542 BEDOK NORTH STREET 3,SURFACE CAR PARK,ELECTRONIC PARKING,WHOLE DAY,SUN & PH FR 7AM-10.30PM,YES,0,4.5,N,1.3589999497584602,103.89432586120856
358,B48,BLK 543/547 BEDOK NORTH STREET 3,SURFACE CAR PARK,ELECTRONIC PARKING,WHOLE DAY,SUN & PH FR 7AM-10.30PM,YES,0,4.5,N,1.3601809740686768,103.89353107393292
359,B48B,BLK 547C BEDOK NORTH AVENUE 1,BASEMENT CAR PARK,ELECTRONIC PARKING,WHOLE DAY,NO,YES,1,2.8,Y,1.3625336852642043,103.89340305591237
360,B49,BLK 549/551 BEDOK NORTH AVENUE 1,SURFACE CAR PARK,ELECTRONIC PARKING,WHOLE DAY,SUN & PH FR 7AM-10.30PM,YES,0,4.5,N,1.3634488125431927,103.89560772107826
361,B50,BLK 601/605 BEDOK RESERVOIR ROAD,SURFACE CAR PARK,ELECTRONIC PARKING,WHOLE DAY,SUN & PH FR 7AM-10.30PM,YES,0,0.0,N,1.3497593444125588,103.89387937084447
362,B50A,BLK 606/610 BEDOK RESERVOIR ROAD,SURFACE CAR PARK,ELECTRONIC PARKING,WHOLE DAY,SUN & PH FR 7AM-10.30PM,YES,0,4.5,N,1.3494257493602253,103.89493800377451
363,B50B,BLK 609A BEDOK RESERVOIR ROAD,SURFACE CAR PARK,ELECTRONIC PARKING,WHOLE DAY,NO,YES,0,0.0,N,1.3486380199128056,103.89506166473251
364,B51,BLK 611/616 BEDOK RESERVOIR ROAD,SURFACE CAR PARK,ELECTRONIC PARKING,WHOLE DAY,SUN & PH FR 7AM-10.30PM,YES,0,4.5,N,1.3531104508471632,103.8955680741821
365,B52,BLK 617/624 BEDOK RESERVOIR ROAD,SURFACE CAR PARK,ELECTRONIC PARKING,WHOLE DAY,SUN & PH FR 7AM-10.30PM,YES,0,4.5,N,1.3546179722835106,103.89731954000692
366,B53,BLK 625/629 BEDOK RESERVOIR ROAD,SURFACE CAR PARK,ELECTRONIC PARKING,WHOLE DAY,SUN & PH FR 7AM-10.30PM,YES,0,4.5,N,1.3518834391912737,103.89765949003747
367,B54,BLK 630/632 BEDOK RESERVOIR ROAD,SURFACE CAR PARK,ELECTRONIC PARKING,WHOLE DAY,SUN & PH FR 7AM-10.30PM,YES,0,4.3,N,1.3519101647916643,103.89677744046708
368,B57,BLK 701/708 BEDOK RESERVOIR ROAD,SURFACE CAR PARK,ELECTRONIC PARKING,WHOLE DAY,SUN & PH FR 7AM-10.30PM,YES,0,4.5,N,1.3557502083401392,103.89924142050768
369,B59,BLK 716/718/721 BEDOK RESERVOIR ROAD,SURFACE CAR PARK,ELECTRONIC PARKING,WHOLE DAY,SUN & PH FR 7AM-10.30PM,YES,0,4.5,N,1.3627367141310163,103.90089666361861
370,B6,BLK 204/209 NEW UPPER CHANGI ROAD,SURFACE CAR PARK,ELECTRONIC PARKING,WHOLE DAY,NO,YES,0,4.5,N,1.367144251917194,103.88979020359481
371,B6M,BLK 208A NEW UPPER CHANGI ROAD,MULTI-STOREY CAR PARK,ELECTRONIC PARKING,WHOLE DAY,NO,YES,8,2.15,N,1.367695069910155,103.88864045142479
372,B6T,BLK 23 BEDOK SOUTH AVENUE 1,SURFACE CAR PARK,COUPON PARKING,WHOLE DAY,NO,YES,0,0.0,N,1.3693828260256298,103.88719329312546
373,B60,BLK 722/725 BEDOK RESERVOIR ROAD,SURFACE CAR PARK,ELECTRONIC PARKING,WHOLE DAY,SUN & PH FR 7AM-10.30PM,YES,0,4.5,N,1.3658524112696542,103.90062221097428
374,B63,BLK 739/745 BEDOK RESERVOIR ROAD,SURFACE CAR PARK,ELECTRONIC PARKING,WHOLE DAY,SUN & PH FR 7AM-10.30PM,YES,0,4.5,N,1.3593704995955511,103.90153716831318
375,B65,BLK 155/172 BEDOK SOUTH ROAD/AVENUE 3,SURFACE CAR PARK,ELECTRONIC PARKING,WHOLE DAY,SUN & PH FR 7AM-10.30PM,YES,0,5.4,N,1.3825634987049373,103.88353393368955
376,B65L,BLK 152A BEDOK SOUTH ROAD,SURFACE CAR PARK,ELECTRONIC PARKING,NO,NO,NO,0,0.0,N,1.384536465497211,103.88174674975492
377,B65M,BLK 154 BEDOK SOUTH ROAD,MULTI-STOREY CAR PARK,ELECTRONIC PARKING,WHOLE DAY,NO,YES,7,2.15,N,1.3832411358751724,103.88140422441664
378,B66,BLK 637A BEDOK RESERVOIR ROAD,MULTI-STOREY CAR PARK,ELECTRONIC PARKING,WHOLE DAY,SUN & PH FR 7AM-10.30PM,YES,12,1.9,N,1.34097592397898,103.89397930323717
379,B67,BLK 649A JALAN TENAGA,MULTI-STOREY CAR PARK,ELECTRONIC PARKING,WHOLE DAY,SUN & PH FR 7AM-10.30PM,YES,6,1.9,N,1.3430443258290095,103.89543761277145
380,B68,BLK 10A BEDOK SOUTH AVENUE 2,MULTI-STOREY CAR PARK,COUPON PARKING,WHOLE DAY,SUN & PH FR 7AM-10.30PM,YES,10,1.9,N,1.3737695577106275,103.88598948877515
381,B69,BLK 94A BEDOK NORTH AVENUE 4,MULTI-STOREY CAR PARK,ELECTRONIC PARKING,WHOLE DAY,SUN & PH FR 7AM-10.30PM,YES,10,1.9,N,1.3788501756377398,103.89684122207487
382,B7,BLK 211/218 BEDOK NORTH STREET 1,SURFACE CAR PARK,ELECTRONIC PARKING,WHOLE DAY,NO,YES,0,4.5,N,1.3687367515559241,103.88859872953708
383,B7A,BLK 216/218 BEDOK NORTH STREET 1,SURFACE CAR PARK,ELECTRONIC PARKING,WHOLE DAY,NO,YES,0,2.15,N,1.3708655309742106,103.89058650210285
384,B7B,BEDOK CENTRAL,SURFACE CAR PARK,ELECTRONIC PARKING,7AM-10.30PM,NO,NO,0,0.0,N,1.3716738079966193,103.88998027189558
385,B70,BLK 201 BEDOK NORTH STREET 1,SURFACE CAR PARK,ELECTRONIC PARKING,WHOLE DAY,NO,YES,0,0.0,N,1.3647850759126072,103.88974966714541
386,B71,BLK 29C CHAI CHEE AVENUE,MULTI-STOREY CAR PARK,ELECTRONIC PARKING,WHOLE DAY,SUN & PH FR 7AM-10.30PM,YES,10,2.0,N,1.361066149528728,103.88776627949312
387,B72,BLK 660A JALAN TENAGA,MULTI-STOREY CAR PARK,ELECTRONIC PARKING,WHOLE DAY,SUN & PH FR 7AM-10.30PM,YES,10,2.0,N,1.3440456397303957,103.89778380235406
388,B73,BLK 651A JALAN TENAGA,MULTI-STOREY CAR PARK,ELECTRONIC PARKING,WHOLE DAY,SUN & PH FR 7AM-10.30PM,YES,9,2.0,N,1.343620486658013,103.89591108225959
389,B74,BLK 671A JALAN DAMAI,MULTI-STOREY CAR PARK,ELECTRONIC PARKING,WHOLE DAY,SUN & PH FR 7AM-10.30PM,YES,8,2.0,N,1.3457219796595519,103.89626350913565
390,B75,BLK 613C BEDOK RESERVOIR ROAD,MULTI-STOREY CAR PARK,ELECTRONIC PARKING,WHOLE DAY,SUN & PH FR 7AM-10.30PM,YES,12,2.15,N,1.3543236148034172,103.89648626867117
391,B76,BLK 761A BEDOK RESERVOIR VIEW,MULTI-STOREY CAR PARK,ELECTRONIC PARKING,WHOLE DAY,SUN & PH FR 7AM-10.30PM,YES,9,2.15,N,1.3712494139963154,103.89929823720551
392,B77,BLK 765A BEDOK RESERVOIR VIEW,MULTI-STOREY CAR PARK,ELECTRONIC PARKING,WHOLE DAY,SUN & PH FR 7AM-10.30PM,YES,9,2.15,N,1.3731765210394957,103.89909115320397
393,B78,BLK 769A BEDOK RESERVOIR VIEW,MULTI-STOREY CAR PARK,ELECTRONIC PARKING,WHOLE DAY,SUN & PH FR 7AM-10.30PM,YES,9,2.15,N,1.3752398606280838,103.89900969479358
394,B79,BLK 772A BEDOK RESERVOIR VIEW,MULTI-STOREY CAR PARK,ELECTRONIC PARKING,WHOLE DAY,SUN & PH FR 7AM-10.30PM,YES,12,2.15,N,1.3742563137935682,103.90016942168859
395,B8,BLK 201/203 BEDOK NORTH STREET 1,SURFACE CAR PARK,ELECTRONIC PARKING,WHOLE DAY,NO,YES,0,4.5,N,1.3650676304383353,103.88934395223606
396,B8B,BLK 222 BEDOK NORTH DRIVE,BASEMENT CAR PARK,ELECTRONIC PARKING,WHOLE DAY,NO,YES,1,3.0,Y,1.364736073250173,103.88826153668661
397,B80,BLK 739A BEDOK RESERVOIR ROAD,MULTI-STOREY CAR PARK,ELECTRONIC PARKING,WHOLE DAY,SUN & PH FR 7AM-10.30PM,YES,6,2.15,N,1.360119437933027,103.90165106012437
398,B81,BLK 30A NEW UPPER CHANGI ROAD,MULTI-STOREY CAR PARK,ELECTRONIC PARKING,WHOLE DAY,SUN & PH FR 7AM-10.30PM,YES,11,2.15,N,1.3717772311547984,103.88669110400747
399,B82,BLK 509B BEDOK NORTH STREET 3,SURFACE CAR PARK,COUPON PARKING,WHOLE DAY,NO,YES,0,0.0,N,1.3672195919076928,103.8972754846027
400,B83,BLK 21A CHAI CHEE ROAD,MULTI-STOREY CAR PARK,ELECTRONIC PARKING,WHOLE DAY,SUN & PH FR 7AM-10.30PM,YES,12,2.15,N,1.3590238241784922,103.88992734050554
401,B84,BLK 215A BEDOK CENTRAL,MULTI-STOREY CAR PARK,ELECTRONIC PARKING,WHOLE DAY,NO,YES,12,2.15,N,1.371034472243679,103.88968673076579
402,B85,BLK 184 BEDOK NORTH ROAD,MULTI-STOREY CAR PARK,ELECTRONIC PARKING,WHOLE DAY,SUN & PH FR 7AM-10.30PM,YES,6,2.15,N,1.3782338256764213,103.88954227151622
403,B86,BLK 114A BEDOK NORTH STREET 2,MULTI-STOREY CAR PARK,ELECTRONIC PARKING,WHOLE DAY,SUN & PH FR 7AM-10.30PM,YES,4,2.15,N,1.3724075762583101,103.89415218826808
404,B87,BLK 13A BEDOK SOUTH ROAD,MULTI-STOREY CAR PARK,COUPON PARKING,WHOLE DAY,SUN & PH FR 7AM-10.30PM,YES,4,2.15,N,1.3730403120909813,103.88403783638967
405,B88,BLK 34A BED0K SOUTH AVENUE 2,MULTI-STOREY CAR PARK,ELECTRONIC PARKING,WHOLE DAY,SUN & PH FR 7AM-10.30PM,YES,2,2.15,N,1.3751550572998563,103.88575924028594
406,B89,BLK 116A BEDOK NORTH ROAD,MULTI-STOREY CAR PARK,ELECTRONIC PARKING,WHOLE DAY,SUN & PH FR 7AM-10.30PM,YES,7,2.15,N,1.3741146544091392,103.89438968790816
407,B9,BLK 402/403 BEDOK NORTH AVENUE 3,SURFACE CAR PARK,ELECTRONIC PARKING,WHOLE DAY,SUN & PH FR 7AM-10.30PM,YES,0,4.5,N,1.3706421182965922,103.89360802442378
408,B90,BLK 35A BEDOK SOUTH AVENUE 2,MULTI-STOREY CAR PARK,ELECTRONIC PARKING,WHOLE DAY,SUN & PH FR 7AM-10.30PM,YES,2,2.15,N,1.3765002022743669,103.88602222430329
409,B91,BLK 630 BEDOK RESERVOIR ROAD,BASEMENT CAR PARK,ELECTRONIC PARKING,WHOLE DAY,NO,YES,1,2.15,Y,1.350952645381682,103.89621459719856
410,B92,BLK 2A BEDOK SOUTH AVENUE 1,MULTI-STOREY CAR PARK,ELECTRONIC PARKING,WHOLE DAY,SUN & PH FR 7AM-10.30PM,YES,6,2.15,N,1.3707633522115192,103.88518700691522
411,B93,BLK 19A BEDOK SOUTH ROAD,MULTI-STOREY CAR PARK,ELECTRONIC PARKING,WHOLE DAY,SUN & PH FR 7AM-10.30PM,YES,8,2.15,N,1.3710055075570453,103.88391958930266
412,B94,BLK 513A BEDOK NORTH AVENUE 2,MULTI-STOREY CAR PARK,ELECTRONIC PARKING,WHOLE DAY,SUN & PH FR 7AM-10.30PM,YES,7,2.15,N,1.3661554231116566,103.89568181656406
413,B94A,"BLK 512 TO 518, 554 BEDOK NORTH AVENUE 2",SURFACE CAR PARK,ELECTRONIC PARKING,WHOLE DAY,SUN & PH FR 7AM-10.30PM,YES,0,0.0,N,1.3659760834595023,103.89473139614257
414,B95,BLK 220 BEDOK CENTRAL,MULTI-STOREY CAR PARK,ELECTRONIC PARKING,WHOLE DAY,NO,YES,13,2.15,N,1.3719181681551003,103.88897822573541
415,B96,BLK 219 BEDOK CENTRAL,MULTI-STOREY CAR PARK,ELECTRONIC PARKING,WHOLE DAY,NO,YES,11,2.15,N,1.36977329923496,103.88843490174573
416,B97,BLK 714A BEDOK RESERVOIR ROAD,MULTI-STOREY CAR PARK,ELECTRONIC PARKING,WHOLE DAY,SUN & PH FR 7AM-10.30PM,YES,6,2.15,N,1.3602680050886509,103.89955209635035
417,B98,BLK 748 BEDOK RESERVOIR CRESCENT,MULTI-STOREY CAR PARK,ELECTRONIC PARKING,WHOLE DAY,SUN & PH FR 7AM-10.30PM,YES,7,2.15,N,1.3586665091959302,103.89947611404027
418,B99M,BLK 807 CHAI CHEE ROAD,MULTI-STOREY CAR PARK,ELECTRONIC PARKING,WHOLE DAY,NO,YES,5,2.15,N,1.3595169813823014,103.89093989848547
419,CAM,BLK 88 TANGLIN HALT ROAD,MULTI-STOREY CAR PARK,ELECTRONIC PARKING,WHOLE DAY,SUN & PH FR 7AM-10.30PM,YES,5,2.15,N,1.234156024361297,103.86543449649305
420,CCKC,BLK 309 CHOA CHU KANG AVENUE 4,BASEMENT CAR PARK,ELECTRONIC PARKING,WHOLE DAY,NO,YES,1,2.1,Y,1.181358552900898,103.9481500646336
421,CCM,BLK 84A COMMONWEALTH CLOSE,MULTI-STOREY CAR PARK,COUPON PARKING,WHOLE DAY,SUN & PH FR 7AM-10.30PM,YES,10,2.15,N,1.2357580029078783,103.86726243078895
422,CC1,BLK 1/2 CHAI CHEE STREET,SURFACE CAR PARK,COUPON PARKING,7AM-10.30PM,SUN & PH FR 7AM-10.30PM,NO,0,0.0,N,1.3596680894627775,103.89007865966781
423,CC10,BLK 43/45 CHAI CHEE STREET,SURFACE CAR PARK,ELECTRONIC PARKING,WHOLE DAY,SUN & PH FR 7AM-10.30PM,YES,0,4.5,N,1.362350584992368,103.89213004957276
424,CC11,BLK 50/54 CHAI CHEE STREET,SURFACE CAR PARK,ELECTRONIC PARKING,WHOLE DAY,SUN & PH FR 7AM-10.30PM,YES,0,4.5,N,1.3583822832567543,103.89253730926038
425,CC12,BLK 11 CHAI CHEE ROAD,BASEMENT CAR PARK,ELECTRONIC PARKING,WHOLE DAY,SUN & PH FR 7AM-10.30PM,YES,2,2.15,Y,1.3616952222738117,103.89022267542458
426,CC4,"BLK 22/24, 59/63, 803/805 CHAI CHEE ROAD",SURFACE CAR PARK,ELECTRONIC PARKING,WHOLE DAY,SUN & PH FR 7AM-10.30PM,YES,0,5.4,N,1.3581343869594635,103.88922434858632
427,CC5,BLK 27 CHAI CHEE ROAD,SURFACE CAR PARK,ELECTRONIC PARKING,WHOLE DAY,NO,YES,0,0.0,N,1.360160605167975,103.88829141013213
428,CC6,BLK 25-27 CHAI CHEE ROAD,SURFACE CAR PARK,ELECTRONIC PARKING,WHOLE DAY,NO,YES,0,4.5,N,1.3603256801298091,103.88699116128794
429,CC7,BLK 30/40 CHAI CHEE AVENUE,SURFACE CAR PARK,ELECTRONIC PARKING,WHOLE DAY,SUN & PH FR 7AM-10.30PM,YES,0,4.5,N,1.3624620434097197,103.88871257486345
430,CC8,BLK 55/58 CHAI CHEE DRIVE,SURFACE CAR PARK,ELECTRONIC PARKING,WHOLE DAY,SUN & PH FR 7AM-10.30PM,YES,0,4.5,N,1.3561753761653992,103.89035091435635
431,CC9,BLK 41/42 CHAI CHEE STREET,SURFACE CAR PARK,ELECTRONIC PARKING,WHOLE DAY,SUN & PH FR 7AM-10.30PM,YES,0,4.5,N,1.3627716277275845,103.89117064872215
432,CDM,BLK 54 COMMONWEALTH DRIVE,MULTI-STOREY CAR PARK,ELECTRONIC PARKING,WHOLE DAY,SUN & PH FR 7AM-10.30PM,YES,11,2.15,N,1.2327325938550824,103.86525104443294
433,CKK1,BLK 355 CHOA CHU KANG CENTRAL,SURFACE CAR PARK,COUPON PARKING,NO,NO,NO,0,0.0,N,1.1797262896570984,103.94658447087913
434,CKM1,BLK 429A CHOA CHU KANG AVENUE 4,MULTI-STOREY CAR PARK,ELECTRONIC PARKING,WHOLE DAY,SUN & PH FR 7AM-10.30PM,YES,10,2.0,N,1.1764044297498903,103.94668062738215
435,CKM2,BLK 625A CHOA CHU KANG STREET 62,MULTI-STOREY CAR PARK,ELECTRONIC PARKING,WHOLE DAY,NO,YES,11,2.15,N,1.182362641247762,103.9613733058501
436,CKM3,BLK 445A CHOA CHU KANG AVENUE 4,MULTI-STOREY CAR PARK,ELECTRONIC PARKING,WHOLE DAY,SUN & PH FR 7AM-10.30PM,YES,10,2.15,N,1.1721942248845942,103.9442873030789
437,CKM4,BLK 474A CHOA CHU KANG AVENUE 3,MULTI-STOREY CAR PARK,ELECTRONIC PARKING,WHOLE DAY,SUN & PH FR 7AM-10.30PM,YES,12,2.15,N,1.173490652812328,103.94175435544895
438,CKM5,BLK 450A CHOA CHU KANG AVENUE 4,MULTI-STOREY CAR PARK,ELECTRONIC PARKING,WHOLE DAY,SUN & PH FR 7AM-10.30PM,YES,11,2.15,N,1.1712423397219978,103.94242235592107
439,CKM6,BLK 462A CHOA CHU KANG AVENUE 4,MULTI-STOREY CAR PARK,ELECTRONIC PARKING,WHOLE DAY,SUN & PH FR 7AM-10.30PM,YES,10,2.15,N,1.1712945303589526,103.94065897590586
440,CKM7,BLK 483A CHOA CHU KANG AVENUE 5,MULTI-STOREY CAR PARK,ELECTRONIC PARKING,WHOLE DAY,SUN & PH FR 7AM-10.30PM,YES,12,2.15,N,1.1726263898077511,103.93910724233521
441,CKM8,BLK 486A CHOA CHU KANG AVENUE 5,MULTI-STOREY CAR PARK,ELECTRONIC PARKING,WHOLE DAY,SUN & PH FR 7AM-10.30PM,YES,12,2.15,N,1.1739258646949071,103.93818964120159
442,CKM9,BLK 297B CHOA CHU KANG AVENUE 2,MULTI-STOREY CAR PARK,ELECTRONIC PARKING,WHOLE DAY,SUN & PH FR 7AM-10.30PM,YES,9,2.15,N,1.1788921744592165,103.94048984871723
443,CKT1,BLK BETWEEN 404 & 426 CHOA CHU KANG AVENUE 1/4,SURFACE CAR PARK,ELECTRONIC PARKING,WHOLE DAY,NO,YES,0,0.0,N,1.174149600066997,103.94342062404488
444,CKT2,BLK 302 CHOA CHU KANG LOOP,SURFACE CAR PARK,ELECTRONIC PARKING,WHOLE DAY,NO,YES,0,4.5,N,1.1789320837001038,103.94868478610178
445,CK1,BLK 101/108 TECK WHYE LANE,SURFACE CAR PARK,ELECTRONIC PARKING,NO,SUN & PH FR 7AM-10.30PM,YES,0,0.0,N,1.1896308778324085,103.94059833073354
446,CK10,BLK 227A CHOA CHU KANG CENTRAL,MULTI-STOREY CAR PARK,ELECTRONIC PARKING,WHOLE DAY,SUN & PH FR 7AM-10.30PM,YES,10,2.0,N,1.181044227358212,103.94360906985706
447,CK11,BLK 287A CHOA CHU KANG AVENUE 2,MULTI-STOREY CAR PARK,ELECTRONIC PARKING,WHOLE DAY,SUN & PH FR 7AM-10.30PM,YES,12,2.0,N,1.1774553294261314,103.94184961031506
448,CK12,BLK 409/413 CHOA CHU KANG AVENUE 3,SURFACE CAR PARK,ELECTRONIC PARKING,7AM-10.30PM,SUN & PH FR 7AM-10.30PM,NO,0,4.5,N,1.177401745753533,103.9443853625549
449,CK13,BLK 414-420 CHOA CHU KANG AVENUE 4,SURFACE CAR PARK,ELECTRONIC PARKING,7AM-10.30PM,SUN & PH FR 7AM-10.30PM,NO,0,4.5,N,1.177628080601042,103.94600540219032
450,CK14,BLK 278/287 CHOA CHU KANG AVENUE 2/3,SURFACE CAR PARK,ELECTRONIC PARKING,NO,SUN & PH FR 7AM-10.30PM,YES,0,0.0,N,1.1781353584726615,103.943253967878
451,CK15,BLK 288/295 CHOA CHU KANG AVENUE 2/3,SURFACE CAR PARK,ELECTRONIC PARKING,7AM-10.30PM,SUN & PH FR 7AM-10.30PM,NO,0,0.0,N,1.1764922063578762,103.94154398992751
452,CK16,BLK 401/408 CHOA CHU KANG AVENUE 3,SURFACE CAR PARK,ELECTRONIC PARKING,7AM-10.30PM,SUN & PH FR 7AM-10.30PM,NO,0,0.0,N,1.1747903896961054,103.94273889603711
453,CK17,BLK 421/428 CHOA CHU KANG AVENUE 4,SURFACE CAR PARK,ELECTRONIC PARKING,7AM-10.30PM,SUN & PH FR 7AM-10.30PM,NO,0,0.0,N,1.1762698115238301,103.94516718942859
454,CK18,BLK 130/132 CHOA CHU KANG AVENUE 1,SURFACE CAR PARK,ELECTRONIC PARKING,NO,SUN & PH FR 7AM-10.30PM,YES,0,0.0,N,1.1862659370721311,103.94409956148363
455,CK19,BLK 133/134 TECK WHYE LANE,SURFACE CAR PARK,ELECTRONIC PARKING,7AM-7PM,SUN & PH FR 7AM-10.30PM,NO,0,0.0,N,1.1869780022451728,103.94358730172344
456,CK2,BLK 109/117 TECK WHYE LANE,SURFACE CAR PARK,ELECTRONIC PARKING,NO,SUN & PH FR 7AM-10.30PM,YES,0,4.5,N,1.187019277339726,103.94236523122052
457,CK20,"BLK 429, 438-441 CHOA CHU KANG AVENUE 4",SURFACE CAR PARK,ELECTRONIC PARKING,WHOLE DAY,SUN & PH FR 7AM-10.30PM,YES,0,0.0,N,1.1757088505494926,103.94646861857943
458,CK22,BLK 343A CHOA CHU KANG LOOP,MULTI-STOREY CAR PARK,ELECTRONIC PARKING,WHOLE DAY,NO,YES,11,1.9,N,1.181555592038195,103.9469265592741
459,CK23,BLK 430-437 CHOA CHU KANG AVENUE 4,SURFACE CAR PARK,ELECTRONIC PARKING,WHOLE DAY,SUN & PH FR 7AM-10.30PM,YES,0,0.0,N,1.1770908964720854,103.94722507263191
460,CK24,BLK 350-351 CHOA CHU KANG CENTRAL,SURFACE CAR PARK,ELECTRONIC PARKING,7AM-10.30PM,NO,NO,0,0.0,N,1.1789055150621028,103.94641219119372
461,CK25,BLK 352-355 CHOA CHU KANG CENTRAL,SURFACE CAR PARK,ELECTRONIC PARKING,7AM-10.30PM,NO,NO,0,0.0,N,1.1793422552763637,103.9453827422775
462,CK26,"BLK 302, 304-308 CHOA CHU KANG LOOP",SURFACE CAR PARK,COUPON PARKING,WHOLE DAY,NO,YES,0,0.0,N,1.1785492168829597,103.94770140813135
463,CK28,BLK 276A CHOA CHU KANG AVENUE 2,MULTI-STOREY CAR PARK,ELECTRONIC PARKING,WHOLE DAY,SUN & PH FR 7AM-10.30PM,YES,10,2.0,N,1.1797729144666707,103.9431918350379
464,CK29,BLK 276/277 CHOA CHU KANG AVENUE 2,SURFACE CAR PARK,ELECTRONIC PARKING,7AM-10.30PM,SUN & PH FR 7AM-10.30PM,NO,0,0.0,N,1.1797116065296736,103.94285494439818
465,CK3,BLK 118/124 TECK WHYE LANE,SURFACE CAR PARK,ELECTRONIC PARKING,NO,SUN & PH FR 7AM-10.30PM,YES,0,0.0,N,1.1857016698027119,103.94172255915595
466,CK3A,BLK 118A TECK WHYE LANE,MULTI-STOREY CAR PARK,ELECTRONIC PARKING,WHOLE DAY,SUN & PH FR 7AM-10.30PM,YES,12,2.15,N,1.1856189996045776,103.94260342122504
467,CK30,BLK 248/250 CHOA CHU KANG AVENUE 2,SURFACE CAR PARK,ELECTRONIC PARKING,WHOLE DAY,SUN & PH FR 7AM-10.30PM,YES,0,0.0,N,1.1809900933154753,103.942142756295
468,CK31,BLK 251A CHOA CHU KANG AVENUE 2,MULTI-STOREY CAR PARK,ELECTRONIC PARKING,WHOLE DAY,SUN & PH FR 7AM-10.30PM,YES,9,2.0,N,1.1805445738109537,103.94186591735547
469,CK32,BLK 253A CHOA CHU KANG AVENUE 1,MULTI-STOREY CAR PARK,ELECTRONIC PARKING,WHOLE DAY,SUN & PH FR 7AM-10.30PM,YES,5,2.0,N,1.1795625693391827,103.9405192410196
470,CK33,BLK 502A CHOA CHU KANG STREET 51,MULTI-STOREY CAR PARK,ELECTRONIC PARKING,WHOLE DAY,SUN & PH FR 7AM-10.30PM,YES,7,1.9,N,1.178544687632099,103.9517489025802
471,CK34,BLK 511A CHOA CHU KANG STREET 51,MULTI-STOREY CAR PARK,ELECTRONIC PARKING,WHOLE DAY,SUN & PH FR 7AM-10.30PM,YES,9,2.0,N,1.1766784387696085,103.9516292359626
472,CK35,BLK 513A CHOA CHU KANG STREET 51,MULTI-STOREY CAR PARK,ELECTRONIC PARKING,WHOLE DAY,SUN & PH FR 7AM-10.30PM,YES,10,2.0,N,1.17798703340142,103.95336762464017
473,CK36,BLK 527A CHOA CHU KANG STREET 51,MULTI-STOREY CAR PARK,ELECTRONIC PARKING,WHOLE DAY,SUN & PH FR 7AM-10.30PM,YES,9,1.9,N,1.176668639467045,103.9553138554176
474,CK37,BLK 552A CHOA CHU KANG STREET 52,MULTI-STOREY CAR PARK,ELECTRONIC PARKING,WHOLE DAY,SUN & PH FR 7AM-10.30PM,YES,10,1.9,N,1.177818507805324,103.95706950148313
475,CK38,BLK 541A CHOA CHU KANG STREET 52,MULTI-STOREY CAR PARK,ELECTRONIC PARKING,WHOLE DAY,SUN & PH FR 7AM-10.30PM,YES,10,1.9,N,1.1803962371994112,103.9561081456457
476,CK39,BLK 559A CHOA CHU KANG NORTH 6,MULTI-STOREY CAR PARK,ELECTRONIC PARKING,7AM-10.30PM,SUN & PH FR 7AM-10.30PM,NO,11,2.0,N,1.1798796328776129,103.95915020049513
477,CK4,"BLK 135-138,141,142 & 145 TECK WHYE LANE/AVENUE",SURFACE CAR PARK,ELECTRONIC PARKING,7AM-10.30PM,SUN & PH FR 7AM-10.30PM,NO,0,1.8,N,1.187311932218284,103.9432503844713
478,CK4A,BLK 144/145 TECK WHYE LANE/AVENUE,SURFACE CAR PARK,COUPON PARKING,WHOLE DAY,SUN & PH FR 7AM-10.30PM,YES,0,1.8,N,1.1878534163723142,103.94426524345339
479,CK40,BLK 567A CHOA CHU KANG STREET 52,MULTI-STOREY CAR PARK,ELECTRONIC PARKING,WHOLE DAY,SUN & PH FR 7AM-10.30PM,YES,11,1.9,N,1.1817612245353581,103.95838869062794
480,CK41,BLK 708A CHOA CHU KANG STREET 53,MULTI-STOREY CAR PARK,ELECTRONIC PARKING,WHOLE DAY,SUN & PH FR 7AM-10.30PM,YES,11,2.0,N,1.1820729064891335,103.95399401250042
481,CK42,BLK 754A CHOA CHU KANG NORTH 5,MULTI-STOREY CAR PARK,ELECTRONIC PARKING,WHOLE DAY,SUN & PH FR 7AM-10.30PM,YES,11,1.95,N,1.1823480033155278,103.95579389804413
482,CK44,BLK 762A CHOA CHU KANG NORTH 5,MULTI-STOREY CAR PARK,ELECTRONIC PARKING,WHOLE DAY,SUN & PH FR 7AM-10.30PM,YES,10,2.0,N,1.1847698768959039,103.95561487761134
483,CK45,BLK 771A CHOA CHU KANG STREET 54,MULTI-STOREY CAR PARK,ELECTRONIC PARKING,WHOLE DAY,SUN & PH FR 7AM-10.30PM,YES,10,2.0,N,1.1856053026515463,103.95753149303196
484,CK46,BLK 792A CHOA CHU KANG NORTH 6,MULTI-STOREY CAR PARK,ELECTRONIC PARKING,WHOLE DAY,SUN & PH FR 7AM-10.30PM,YES,10,2.0,N,1.1851677678032326,103.95827500992254
485,CK47,BLK 787A CHOA CHU KANG DRIVE,MULTI-STOREY CAR PARK,ELECTRONIC PARKING,WHOLE DAY,SUN & PH FR 7AM-10.30PM,YES,10,2.0,N,1.183323286326016,103.95824830737072
486,CK48,BLK 604A CHOA CHU KANG STREET 62,MULTI-STOREY CAR PARK,ELECTRONIC PARKING,WHOLE DAY,SUN & PH FR 7AM-10.30PM,YES,10,2.0,N,1.1807752781481644,103.96039705596618
487,CK49,BLK 610A CHOA CHU KANG STREET 62,MULTI-STOREY CAR PARK,ELECTRONIC PARKING,WHOLE DAY,SUN & PH FR 7AM-10.30PM,YES,9,2.0,N,1.1791200091478449,103.96176846782996
488,CK5,BLK 139 & 140 TECK WHYE LANE/AVENUE,SURFACE CAR PARK,COUPON PARKING,7AM-10.30PM,SUN & PH FR 7AM-10.30PM,NO,0,0.0,N,1.18837633454241,103.94328607743232
489,CK50,BLK 611A CHOA CHU KANG STREET 62,MULTI-STOREY CAR PARK,ELECTRONIC PARKING,WHOLE DAY,SUN & PH FR 7AM-10.30PM,YES,9,2.0,N,1.179344800860789,103.9634037815006
490,CK51,BLK 621A CHOA CHU KANG NORTH 7,MULTI-STOREY CAR PARK,ELECTRONIC PARKING,WHOLE DAY,NO,YES,10,2.0,N,1.1832136077474662,103.96262435436412
491,CK52,BLK 659A/660A/661A CHOA CHU KANG CRESCENT,MULTI-STOREY CAR PARK,ELECTRONIC PARKING,WHOLE DAY,SUN & PH FR 7AM-10.30PM,YES,6,2.15,N,1.1858764940118598,103.96363279977378
492,CK53,BLK 668A CHOA CHU KANG CRESCENT,MULTI-STOREY CAR PARK,ELECTRONIC PARKING,WHOLE DAY,SUN & PH FR 7AM-10.30PM,YES,12,2.15,N,1.1858261139669264,103.96452235688305
493,CK54,BLK 638-643 CHOA CHU KANG STREET 64,BASEMENT CAR PARK,ELECTRONIC PARKING,WHOLE DAY,SUN & PH FR 7AM-10.30PM,YES,2,2.15,Y,1.1847496591145739,103.96112693864796
494,CK55,BLK 631-637 & 636A CHOA CHU KANG NORTH 6,COVERED CAR PARK,ELECTRONIC PARKING,7AM-10.30PM,SUN & PH FR 7AM-10.30PM,NO,0,2.15,N,1.1841380535738266,103.96010906772545
495,CK56,BLK 675A CHOA CHU KANG CRESCENT,MULTI-STOREY CAR PARK,ELECTRONIC PARKING,WHOLE DAY,SUN & PH FR 7AM-10.30PM,YES,9,2.0,N,1.1822879002341455,103.96416629804305
496,CK57,BLK 669A CHOA CHU KANG CRESCENT,MULTI-STOREY CAR PARK,ELECTRONIC PARKING,WHOLE DAY,SUN & PH FR 7AM-10.30PM,YES,10,2.0,N,1.183951552688022,103.96520286259565
497,CK58,BLK 678A CHOA CHU KANG CRESCENT,MULTI-STOREY CAR PARK,ELECTRONIC PARKING,WHOLE DAY,SUN & PH FR 7AM-10.30PM,YES,13,2.15,N,1.1804847295455003,103.9648458121178
498,CK59,BLK 297A CHOA CHU KANG AVENUE 2,MULTI-STOREY CAR PARK,ELECTRONIC PARKING,WHOLE DAY,SUN & PH FR 7AM-10.30PM,YES,11,2.15,N,1.1776256085020902,103.93994015956146
499,CK6,"BLK 143, 144 & 146 TECK WHYE LANE",SURFACE CAR PARK,ELECTRONIC PARKING,7AM-10.30PM,NO,NO,0,0.0,N,1.188764372301745,103.94383557214393
500,CK6A,BLK 146A 146A TECK WHYE AVENUE,MULTI-STOREY CAR PARK,ELECTRONIC PARKING,WHOLE DAY,NO,YES,5,2.15,N,1.1887959179509757,103.94413630595112
501,CK60,BLK 683 CHOA CHU KANG CRESCENT,MULTI-STOREY CAR PARK,ELECTRONIC PARKING,WHOLE DAY,SUN & PH FR 7AM-10.30PM,YES,12,2.15,N,1.1814858537482693,103.96724459966275
502,CK61,BLK 686 CHOA CHU KANG CRESCENT,MULTI-STOREY CAR PARK,ELECTRONIC PARKING,WHOLE DAY,SUN & PH FR 7AM-10.30PM,YES,13,2.15,N,1.1845491766714966,103.96704094884578
503,CK62,BLK 687 CHOA CHU KANG DRIVE,MULTI-STOREY CAR PARK,ELECTRONIC PARKING,WHOLE DAY,SUN & PH FR 7AM-10.30PM,YES,12,2.15,N,1.1855278127159106,103.96679264660537
504,CK63,BLK 689 CHOA CHU KANG CRESCENT,MULTI-STOREY CAR PARK,ELECTRONIC PARKING,WHOLE DAY,SUN & PH FR 7AM-10.30PM,YES,12,2.15,N,1.1865285952896385,103.96582299734351
505,CK64,BLK 692 CHOA CHU KANG CRESCENT,MULTI-STOREY CAR PARK,ELECTRONIC PARKING,WHOLE DAY,SUN & PH FR 7AM-10.30PM,YES,13,2.15,N,1.1869500098150703,103.96274242218426
506,CK65,"BLK 535,536 AND 537 CHOA CHU KANG STREET 51",SURFACE CAR PARK,ELECTRONIC PARKING,7AM-10.30PM,NO,NO,0,4.5,N,1.179636198117969,103.95504915628881
507,CK66,BLK 573A CHOA CHU KANG STREET 52,MULTI-STOREY CAR PARK,ELECTRONIC PARKING,7AM-10.30PM,NO,NO,4,2.15,N,1.181169146199022,103.95703732583031
508,CK7,BLK 135A TECK WHYE LANE,MULTI-STOREY CAR PARK,ELECTRONIC PARKING,WHOLE DAY,SUN & PH FR 7AM-10.30PM,YES,10,1.8,N,1.1876119141601742,103.94338804464245
509,CK70,BLK 476 CHOA CHU KANG AVENUE 5,MULTI-STOREY CAR PARK,ELECTRONIC PARKING,NO,NO,YES,8,2.15,N,1.173708878109391,103.94006071652365
510,CK71,BLK 488 CHOA CHU KANG AVENUE 5,MULTI-STOREY CAR PARK,ELECTRONIC PARKING,WHOLE DAY,SUN & PH FR 7AM-10.30PM,YES,7,2.15,N,1.1742466784250905,103.93981685225685
511,CK72,BLK 489 CHOA CHU KANG AVENUE 5,MULTI-STOREY CAR PARK,ELECTRONIC PARKING,WHOLE DAY,SUN & PH FR 7AM-10.30PM,YES,16,2.15,N,1.1765108275148588,103.93869517637353
512,CK73,BLK 801 KEAT HONG CLOSE,MULTI-STOREY CAR PARK,ELECTRONIC PARKING,WHOLE DAY,SUN & PH FR 7AM-10.30PM,YES,14,2.15,N,1.1790091283988668,103.9384210696268
513,CK74,BLK 805 KEAT HONG CLOSE,MULTI-STOREY CAR PARK,ELECTRONIC PARKING,WHOLE DAY,SUN & PH FR 7AM-10.30PM,YES,6,2.15,N,1.178833709865927,103.93644820991945
514,CK75,BLK 809 CHOA CHU KANG AVENUE 1,MULTI-STOREY CAR PARK,ELECTRONIC PARKING,WHOLE DAY,SUN & PH FR 7AM-10.30PM,YES,11,2.15,N,1.180137790650099,103.93812253939223
515,CK76,BLK 810 CHOA CHU KANG AVENUE 7,MULTI-STOREY CAR PARK,ELECTRONIC PARKING,WHOLE DAY,SUN & PH FR 7AM-10.30PM,YES,7,2.15,N,1.1818210863633922,103.93718665455329
516,CK77,BLK 815 CHOA CHU KANG AVENUE 7,MULTI-STOREY CAR PARK,ELECTRONIC PARKING,WHOLE DAY,SUN & PH FR 7AM-10.30PM,YES,6,2.15,N,1.1823312930231573,103.93968712866297
517,CK78,817 KEAT HONG LINK,MULTI-STOREY CAR PARK,ELECTRONIC PARKING,WHOLE DAY,SUN & PH FR 7AM-10.30PM,YES,7,2.15,N,1.1850343491168822,103.94011486322852
518,CK79,BLK 819 KEAT HONG LINK,MULTI-STOREY CAR PARK,ELECTRONIC PARKING,NO,NO,NO,6,2.15,N,1.1853487962815639,103.93826290158206
519,CK8,BLK 201-221 CHOA CHU KANG CENTRAL,SURFACE CAR PARK,ELECTRONIC PARKING,7AM-10.30PM,SUN & PH FR 7AM-10.30PM,NO,0,4.5,N,1.182725783595662,103.94518015557624
520,CK8A,BLK 203A CHOA CHU KANG AVENUE 1/CENTRAL,MULTI-STOREY CAR PARK,ELECTRONIC PARKING,WHOLE DAY,SUN & PH FR 7AM-10.30PM,YES,12,2.15,N,1.1846107940286517,103.94431831117232
521,CK9,BLK 223-227 CHOA CHU KANG CENTRAL,SURFACE CAR PARK,ELECTRONIC PARKING,7AM-10.30PM,SUN & PH FR 7AM-10.30PM,NO,0,4.5,N,1.1805238367649424,103.94459386617766
522,CK9A,BLK 228-239 CHOA CHU KANG CENTRAL,SURFACE CAR PARK,ELECTRONIC PARKING,NO,SUN & PH FR 7AM-10.30PM,YES,0,0.0,N,1.1831259941035932,103.94309625361278
523,CLM,BLK 129A CLARENCE LANE,MULTI-STOREY CAR PARK,ELECTRONIC PARKING,WHOLE DAY,SUN & PH FR 7AM-10.30PM,YES,10,2.0,N,1.2504559123334313,103.85615674477641
524,CLRG,312 CLEMENTI AVENUE 4,MULTI-STOREY CAR PARK,ELECTRONIC PARKING,WHOLE DAY,SUN & PH FR 7AM-10.30PM,YES,13,2.15,N,1.1997146361985473,103.88255164452096
525,CLTR,BLK 311 CLEMENTI AVENUE 4,MULTI-STOREY CAR PARK,ELECTRONIC PARKING,WHOLE DAY,SUN & PH FR 7AM-10.30PM,YES,13,2.1,N,1.2008691992192122,103.8828602111343
526,CM1,BLK 10 CANTONMENT CLOSE,MULTI-STOREY CAR PARK,ELECTRONIC PARKING,WHOLE DAY,SUN & PH FR 7AM-10.30PM,YES,12,2.15,N,1.2754328034306635,103.83824812981734
527,CR1,BLK 1/3/15/17 BEACH ROAD,SURFACE CAR PARK,ELECTRONIC PARKING,7AM-10.30PM,NO,NO,0,4.5,N,1.2996796757207962,103.8668756854656
528,CR1A,BLK 2 BEACH ROAD,SURFACE CAR PARK,ELECTRONIC PARKING,7AM-10.30PM,SUN & PH FR 7AM-10.30PM,NO,0,4.5,N,1.3013411452092638,103.8673004974003
529,CR1B,BLK 3 BEACH ROAD,SURFACE CAR PARK,ELECTRONIC PARKING,7AM-10.30PM,SUN & PH FR 7AM-10.30PM,NO,0,4.5,N,1.301743922036199,103.8676360520153
530,CR2,BLK 3/4 BEACH ROAD,SURFACE CAR PARK,ELECTRONIC PARKING,7AM-10.30PM,SUN & PH FR 7AM-10.30PM,NO,0,0.0,N,1.3020453568668078,103.86827935990762
531,CR29,BLK 29/30 KELANTAN LANE,SURFACE CAR PARK,ELECTRONIC PARKING,WHOLE DAY,SUN & PH FR 7AM-10.30PM,YES,0,4.5,N,1.293122970279293,103.8693722981413
532,CR3,BLK 9 NORTH BRIDGE ROAD,SURFACE CAR PARK,ELECTRONIC PARKING,7AM-10.30PM,SUN & PH FR 7AM-10.30PM,NO,0,4.5,N,1.300703287970085,103.8686619599079
533,CR30,BLK 639/640 ROWELL COURT,SURFACE CAR PARK,ELECTRONIC PARKING,7AM-10.30PM,NO,NO,0,4.5,N,1.2912587001055602,103.87117695612427
534,CR31,BLK 632/633/635 VEERASAMY ROAD,SURFACE CAR PARK,ELECTRONIC PARKING,7AM-10.30PM,NO,NO,0,4.5,N,1.2910143288596057,103.86983521236851
535,CR4,BLK 7 NORTH BRIDGE ROAD,SURFACE CAR PARK,COUPON PARKING,7AM-10.30PM,SUN & PH FR 7AM-10.30PM,NO,0,0.0,N,1.2998099728437778,103.86794992533187
536,CR5,BLK 18/19 JALAN SULTAN,SURFACE CAR PARK,COUPON PARKING,WHOLE DAY,NO,YES,0,0.0,N,1.29860324439899,103.86684097397945
537,CR7,BLK 464/463 CRAWFORD LANE,SURFACE CAR PARK,ELECTRONIC PARKING,NO,SUN & PH FR 7AM-10.30PM,YES,0,4.5,N,1.2987049539249134,103.86912423951371
538,CSM,BLK 54 CHIN SWEE ROAD MSCP,MULTI-STOREY CAR PARK,ELECTRONIC PARKING,WHOLE DAY,SUN & PH FR 7AM-10.30PM,YES,10,1.9,N,1.2773939808521741,103.8511444937933
539,CTM1,BLK 441 COMMONWEALTH AVENUE WEST,MULTI-STOREY CAR PARK,ELECTRONIC PARKING,WHOLE DAY,NO,YES,2,2.15,N,1.1998023830401876,103.87827475873775
540,CVBK,BLK 8C BOON KENG ROAD,MULTI-STOREY CAR PARK,ELECTRONIC PARKING,7AM-10.30PM,NO,NO,6,2.15,N,1.29738442967356,103.88003597308123
541,CV1,BLK 1/1A TELOK PAKU ROAD,MECHANISED AND SURFACE CAR PARK,ELECTRONIC PARKING,WHOLE DAY,NO,YES,0,3.8,N,1.4253504721509669,103.95139759038462
542,CV2,BLK 3 CHANGI VILLAGE ROAD,SURFACE CAR PARK,ELECTRONIC PARKING,WHOLE DAY,NO,YES,0,0.0,N,1.425160014660616,103.9529608477596
543,CV3,BLK 5 CHANGI VILLAGE ROAD,SURFACE CAR PARK,ELECTRONIC PARKING,WHOLE DAY,NO,YES,0,3.8,N,1.423648241177867,103.95304079272807
544,CV4,BLK 6 CHANGI VILLAGE ROAD,SURFACE CAR PARK,ELECTRONIC PARKING,WHOLE DAY,NO,YES,0,0.0,N,1.4256281418049765,103.95322780514633
545,CY,BLK 269/269A/269B CHENG YAN COURT CAR PARK,SURFACE CAR PARK,ELECTRONIC PARKING,7AM-10.30PM,NO,NO,0,0.0,N,1.2899744364068237,103.86424768389959
546,C10,"BLK 339,341,344-345,371-381 CLEMENTI AVENUE 5",SURFACE CAR PARK,ELECTRONIC PARKING,WHOLE DAY,SUN & PH FR 7AM-10.30PM,YES,0,4.5,N,1.2047240862323156,103.88196918920441
547,C11,"BLK 321-322,324-326 CLEMENTI AVENUE 5",SURFACE CAR PARK,ELECTRONIC PARKING,WHOLE DAY,NO,YES,0,4.3,N,1.201873590969726,103.87833054070146
548,C12,"BLK 301-302,305-308 CLEMENTI AVENUE 4",SURFACE CAR PARK,ELECTRONIC PARKING,WHOLE DAY,SUN & PH FR 7AM-10.30PM,YES,0,4.5,N,1.201848756990084,103.88527432190517
549,C13M,BLK 309A CLEMENTI AVENUE 4,MULTI-STOREY CAR PARK,ELECTRONIC PARKING,WHOLE DAY,SUN & PH FR 7AM-10.30PM,YES,7,2.15,N,1.201922991335047,103.88405578565886
550,C14M,BLK 318A CLEMENTI AVENUE 4,MULTI-STOREY CAR PARK,ELECTRONIC PARKING,WHOLE DAY,SUN & PH FR 7AM-10.30PM,YES,2,2.15,N,1.2009221485674182,103.88090532080571
551,C15M,BLK 440 CLEMENTI AVENUE 3,MULTI-STOREY CAR PARK,ELECTRONIC PARKING,WHOLE DAY,NO,YES,6,2.15,N,1.1997757333226649,103.87977451007175
552,C16,BLK 430-435 CLEMENTI AVENUE 3,SURFACE CAR PARK,ELECTRONIC PARKING,WHOLE DAY,NO,YES,0,3.5,N,1.1982007267078618,103.87784682703898
553,C17,"BLK 442-444,442A CLEMENTI AVENUE 3",SURFACE CAR PARK,ELECTRONIC PARKING,WHOLE DAY,NO,YES,0,0.0,N,1.1996248778052612,103.87739356580218
554,C18,BLK 426/428 CLEMENTI AVENUE 3,SURFACE CAR PARK,ELECTRONIC PARKING,WHOLE DAY,NO,YES,0,4.5,N,1.1990993301152066,103.87581777129591
555,C18A,BLK 426/427 CLEMENTI AVENUE 3,SURFACE CAR PARK,ELECTRONIC PARKING,7AM-7PM,NO,NO,0,0.0,N,1.1999171410961618,103.87530551687199
556,C19M,BLK 445 CLEMENTI AVENUE 3,MULTI-STOREY CAR PARK,ELECTRONIC PARKING,WHOLE DAY,NO,YES,14,2.15,N,1.1995826383037547,103.87690204746924
557,C2M,BLK 463 CLEMENTI AVENUE 1,MULTI-STOREY CAR PARK,ELECTRONIC PARKING,WHOLE DAY,NO,YES,6,2.15,N,1.2036346609729944,103.87448296613962
558,C20,BLK 449-451 CLEMENTI AVENUE 3,SURFACE CAR PARK,ELECTRONIC PARKING,WHOLE DAY,NO,YES,0,4.5,N,1.200998885347362,103.8768869416512
559,C20M,BLK 462A CLEMENTI AVENUE 3,MULTI-STOREY CAR PARK,ELECTRONIC PARKING,WHOLE DAY,SUN & PH FR 7AM-10.30PM,YES,18,2.15,N,1.2013904129130415,103.87505530306213
560,C21L,BLK 454 TO 460 CLEMENTI AVENUE 3,SURFACE CAR PARK,ELECTRONIC PARKING,NO,NO,NO,0,0.0,N,1.2027902945376048,103.87456913783204
561,C21M,BLK 455A CLEMENTI AVENUE 3,MULTI-STOREY CAR PARK,ELECTRONIC PARKING,WHOLE DAY,SUN & PH FR 7AM-10.30PM,YES,12,2.15,N,1.202272040009512,103.8752112162765
562,C22M,BLK 109A CLEMENTI STREET 11,MULTI-STOREY CAR PARK,ELECTRONIC PARKING,WHOLE DAY,SUN & PH FR 7AM-10.30PM,YES,6,1.9,N,1.2061100067872879,103.88513565422497
563,C24,BLK 110/118 CLEMENTI STREET 13,SURFACE CAR PARK,ELECTRONIC PARKING,WHOLE DAY,SUN & PH FR 7AM-10.30PM,YES,0,4.5,N,1.2070628883781922,103.88766648401669
564,C25,BLK 101-104 CLEMENTI STREET 14,SURFACE CAR PARK,ELECTRONIC PARKING,WHOLE DAY,SUN & PH FR 7AM-10.30PM,YES,0,4.5,N,1.2047502596656823,103.88583205994672
565,C26,BLK 105-107 CLEMENTI STREET 12,SURFACE CAR PARK,ELECTRONIC PARKING,WHOLE DAY,SUN & PH FR 7AM-10.30PM,YES,0,4.3,N,1.205696485945439,103.88606704807027
566,C27,BLK 108/109 CLEMENTI STREET 11,SURFACE CAR PARK,ELECTRONIC PARKING,WHOLE DAY,SUN & PH FR 7AM-10.30PM,YES,0,4.3,N,1.2062839654537745,103.88572378170154
567,C28,BLK 201/206 CLEMENTI AVENUE 6,SURFACE CAR PARK,COUPON PARKING,WHOLE DAY,SUN & PH FR 7AM-10.30PM,YES,0,2.1,N,1.1990595359570135,103.88464657084222
568,C28M,BLK 208 CLEMENTI AVENUE 6,MULTI-STOREY CAR PARK,ELECTRONIC PARKING,WHOLE DAY,SUN & PH FR 7AM-10.30PM,YES,6,2.15,N,1.1977880390772868,103.88584255554692
569,C29,BLK 501-505 WEST COAST DRIVE,SURFACE CAR PARK,ELECTRONIC PARKING,WHOLE DAY,SUN & PH FR 7AM-10.30PM,YES,0,0.0,N,1.194929887108938,103.87615855476784
570,C29A,BLK 503 WEST COAST DRIVE,SURFACE CAR PARK,ELECTRONIC PARKING,WHOLE DAY,SUN & PH FR 7AM-10.30PM,YES,0,2.15,N,1.1948826749844068,103.87491299577978
571,C3M,BLK 416A CLEMENTI AVENUE 1,MULTI-STOREY CAR PARK,ELECTRONIC PARKING,WHOLE DAY,SUN & PH FR 7AM-10.30PM,YES,2,2.15,N,1.2058996557852308,103.87337552568057
572,C3ML,"BLK 419, 420 AND 420A CLEMENTI AVENUE 1",SURFACE CAR PARK,ELECTRONIC PARKING,NO,NO,NO,0,0.0,N,1.20485421094809,103.87395094200278
573,C30,BLK 507-509 WEST COAST DRIVE,SURFACE CAR PARK,ELECTRONIC PARKING,WHOLE DAY,SUN & PH FR 7AM-10.30PM,YES,0,4.5,N,1.1971333239754607,103.87500949726218
574,C31,BLK 510/511 WEST COAST ROAD,SURFACE CAR PARK,ELECTRONIC PARKING,WHOLE DAY,SUN & PH FR 7AM-10.30PM,YES,0,0.0,N,1.1963060023621022,103.87412039875757
575,C32,BLK 514-519 WEST COAST ROAD,SURFACE CAR PARK,ELECTRONIC PARKING,WHOLE DAY,SUN & PH FR 7AM-10.30PM,YES,0,4.5,N,1.1947782771107514,103.87219532944053
576,C33,BLK 601-613 CLEMENTI WEST STREET 1,SURFACE CAR PARK,ELECTRONIC PARKING,WHOLE DAY,SUN & PH FR 7AM-10.30PM,YES,0,4.5,N,1.202604979642351,103.86815541405389
577,C34,BLK 702/703 WEST COAST ROAD,SURFACE CAR PARK,ELECTRONIC PARKING,NO,SUN & PH FR 7AM-10.30PM,NO,0,4.5,N,1.1966453210114079,103.8705905139868
578,C35,BLK 704-714 CLEMENTI WEST STREET 2,SURFACE CAR PARK,ELECTRONIC PARKING,WHOLE DAY,SUN & PH FR 7AM-10.30PM,YES,0,0.0,N,1.1971515120170648,103.86920154309821
579,C36,BLK 728/729 CLEMENTI WEST STREET 2,SURFACE CAR PARK,ELECTRONIC PARKING,7AM-10.30PM,SUN & PH FR 7AM-10.30PM,NO,0,4.5,N,1.1992834206669654,103.868900842019
580,C37,"BLK 720-727,730-731 CLEMENTI WEST STREET 2",SURFACE CAR PARK,ELECTRONIC PARKING,WHOLE DAY,SUN & PH FR 7AM-10.30PM,YES,0,2.15,N,1.199700353724966,103.86714094336094
581,C38,BLK 715-717 CLEMENTI WEST STREET 2,SURFACE CAR PARK,ELECTRONIC PARKING,7AM-10.30PM,SUN & PH FR 7AM-10.30PM,NO,0,0.0,N,1.1982460762616232,103.86641405225511
582,C39,CLEMENTI SPORTS COMPLEX,SURFACE CAR PARK,COUPON PARKING,WHOLE DAY,SUN & PH FR 7AM-10.30PM,YES,0,0.0,N,1.1979574443261443,103.87385015041413
583,C4M,BLK 413A COMMONWEALTH AVENUE WEST,MULTI-STOREY CAR PARK,ELECTRONIC PARKING,WHOLE DAY,SUN & PH FR 7AM-10.30PM,YES,9,2.0,N,1.2062735559388225,103.8750312603012
584,C41,CLEMENTI WOODS,SURFACE CAR PARK,COUPON PARKING,WHOLE DAY,SUN & PH FR 7AM-10.30PM,YES,0,0.0,N,1.2042874217447999,103.86374274185597
585,C5,"BLK 358-360,362-363,366-367 CLEMENTI AVENUE 2",SURFACE CAR PARK,ELECTRONIC PARKING,WHOLE DAY,SUN & PH FR 7AM-10.30PM,YES,0,0.0,N,1.205338996685086,103.87664332130568
586,C6,BLK 328-334 CLEMENTI AVENUE 2,SURFACE CAR PARK,ELECTRONIC PARKING,WHOLE DAY,SUN & PH FR 7AM-10.30PM,YES,0,4.5,N,1.2034440407428684,103.87801982956717
587,C7,BLK 349-355 CLEMENTI AVENUE 2,SURFACE CAR PARK,ELECTRONIC PARKING,WHOLE DAY,SUN & PH FR 7AM-10.30PM,YES,0,4.5,N,1.2065277169161326,103.87841299896971
588,C8,BLK 335/338 CLEMENTI AVENUE 2,SURFACE CAR PARK,ELECTRONIC PARKING,WHOLE DAY,SUN & PH FR 7AM-10.30PM,YES,0,4.5,N,1.2043900821585765,103.88019221468262
589,C9,BLK 340/342/343/346-348 CLEMENTI AVENUE  5,SURFACE CAR PARK,ELECTRONIC PARKING,WHOLE DAY,SUN & PH FR 7AM-10.30PM,YES,0,5.4,N,1.2060822156152196,103.88116048718308
590,DRM1,BLK 104C DEPOT ROAD,MULTI-STOREY CAR PARK,ELECTRONIC PARKING,WHOLE DAY,SUN & PH FR 7AM-10.30PM,YES,14,2.15,N,1.2475802338213362,103.8442641568783
591,DRM2,BLK 112C DEPOT ROAD,MULTI-STOREY CAR PARK,ELECTRONIC PARKING,WHOLE DAY,SUN & PH FR 7AM-10.30PM,YES,14,2.15,N,1.2438658941787157,103.8450453188138
592,DRM3,108A DEPOT ROAD,MULTI-STOREY CAR PARK,ELECTRONIC PARKING,WHOLE DAY,SUN & PH FR 7AM-10.30PM,YES,11,2.15,N,1.2458937903867306,103.84458728602641
593,DRM4,BLK 105 DEPOT ROAD,MULTI-STOREY CAR PARK,ELECTRONIC PARKING,WHOLE DAY,NO,YES,3,2.15,N,1.2484080266751931,103.84461934177682
594,DRM5,BLOCK 110 DEPOT ROAD,BASEMENT CAR PARK,ELECTRONIC PARKING,WHOLE DAY,NO,YES,1,2.15,Y,1.2455007303316346,103.84507760737444
595,DRS,BLK 102A/102B DEPOT ROAD,SURFACE CAR PARK,ELECTRONIC PARKING,WHOLE DAY,NO,YES,0,2.15,N,1.2490389605193908,103.84422103089422
596,DSRL,BLK 38A MARGARET DRIVE,SURFACE CAR PARK,ELECTRONIC PARKING,NO,NO,NO,0,0.0,N,1.2411434991156087,103.86097703702434
597,DSR1,BLK 31A MARGARET DRIVE,MULTI-STOREY CAR PARK,ELECTRONIC PARKING,WHOLE DAY,NO,YES,16,2.15,N,1.2395225176119942,103.86209115854432
598,DSR2,BLK 37A MARGARET DRIVE,MULTI-STOREY CAR PARK,ELECTRONIC PARKING,WHOLE DAY,SUN & PH FR 7AM-10.30PM,YES,21,2.15,N,1.2413275088930475,103.86153353387722
599,DUXM,BLK 1 CANTONMENT ROAD,BASEMENT CAR PARK,ELECTRONIC PARKING,7AM-10.30PM,NO,NO,3,2.1,Y,1.2772822074675216,103.84075121044522
600,DWSO,BLK 40 & 41 MARGARET DRIVE,MULTI-STOREY CAR PARK,ELECTRONIC PARKING,WHOLE DAY,SUN & PH FR 7AM-10.30PM,YES,16,2.15,N,1.2429502197128524,103.86011572326329
601,DWSP,BLK 95A DAWSON ROAD,MULTI-STOREY CAR PARK,ELECTRONIC PARKING,WHOLE DAY,SUN & PH FR 7AM-10.30PM,YES,13,2.15,N,1.247973455367209,103.85972377274457
602,DWST,BLK 89A DAWSON ROAD,MULTI-STOREY CAR PARK,ELECTRONIC PARKING,7AM-10.30PM,NO,NO,4,2.15,N,1.2480293900480854,103.85884302284211
603,DWSV,BLK 85 DAWSON ROAD,MULTI-STOREY CAR PARK,ELECTRONIC PARKING,WHOLE DAY,NO,YES,13,2.15,N,1.2456411388484399,103.85896229626712
604,DWVT,BLK 78A DAWSON ROAD,MULTI-STOREY CAR PARK,ELECTRONIC PARKING,WHOLE DAY,NO,YES,13,2.15,N,1.2461722095129582,103.85788791014913
605,ECM,BLK 31A EUNOS CRESCENT,MULTI-STOREY CAR PARK,ELECTRONIC PARKING,WHOLE DAY,SUN & PH FR 7AM-10.30PM,YES,10,2.15,N,1.3382464907776546,103.88352851507854
606,ECM2,BLK 39 EUNOS ROAD 2,MULTI-STOREY CAR PARK,COUPON PARKING,WHOLE DAY,NO,YES,12,2.15,N,1.3372627377441628,103.88331561051585
607,EC2,BLK 12-25 EUNOS CRESCENT,SURFACE CAR PARK,ELECTRONIC PARKING,WHOLE DAY,SUN & PH FR 7AM-10.30PM,YES,0,5.4,N,1.341079560627137,103.88609779577094
608,EC3,BLK 5-8/11/4A EUNOS CRESCENT,SURFACE CAR PARK,ELECTRONIC PARKING,WHOLE DAY,NO,YES,0,0.0,N,1.3411135414708344,103.88464816768361
609,EC4,BLK 1-3/1A EUNOS CRESCENT,SURFACE CAR PARK,ELECTRONIC PARKING,WHOLE DAY,NO,YES,0,0.0,N,1.3393186659885377,103.88401191208281
610,EC5,BLK 9-10 EUNOS CRESCENT,SURFACE CAR PARK,COUPON PARKING,7AM-10.30PM,NO,NO,0,0.0,N,1.3392911224976276,103.88551920518081
611,EC7,BLK 842-848 SIMS AVENUE,SURFACE CAR PARK,ELECTRONIC PARKING,7AM-10.30PM,NO,NO,0,4.5,N,1.33824519816105,103.88129665053636
612,EC7T,BLK 842 TO 848 SIMS AVENUE,SURFACE CAR PARK,COUPON PARKING,7AM-10.30PM,NO,NO,0,0.0,N,1.337813174129236,103.88190102860176
613,EC8,BLK 2A EUNOS MRT SIMS AVENUE,SURFACE CAR PARK,ELECTRONIC PARKING,WHOLE DAY,NO,YES,0,0.0,N,1.3398377249997864,103.88273062348543
614,EI1,BLK 1001-1085 EUNOS INDUSTRIAL ESTATE,SURFACE CAR PARK,COUPON PARKING,7AM-10.30PM,SUN & PH FR 7AM-10.30PM,NO,0,0.0,N,1.3334352748213518,103.88690932566682
615,EI3,BLK 410 TO 417 EUNOS ROAD 5,SURFACE CAR PARK,ELECTRONIC PARKING,7AM-10.30PM,SUN & PH FR 7AM-10.30PM,NO,0,4.5,N,1.334978072846706,103.88235244040688
616,EPL,BLK 1/7 EVERTON PARK,SURFACE CAR PARK,ELECTRONIC PARKING,NO,NO,NO,0,4.5,N,1.2761333866877456,103.84093617631251
617,EPM,BLK 6A EVERTON ROAD,MULTI-STOREY CAR PARK,ELECTRONIC PARKING,WHOLE DAY,SUN & PH FR 7AM-10.30PM,YES,9,2.15,N,1.2751224504403178,103.83996336403871
618,FRM,BLK 808 FRENCH ROAD MSCP,MULTI-STOREY CAR PARK,ELECTRONIC PARKING,WHOLE DAY,SUN & PH FR 7AM-10.30PM,YES,9,2.5,N,1.2977238931046713,103.87232811380176
619,FR2C,BLK 3/4 QUEEN'S ROAD,COVERED CAR PARK,ELECTRONIC PARKING,WHOLE DAY,NO,YES,0,2.4,N,1.2437244207366733,103.88178556847869
620,FR2S,BLK 2/3/4 QUEEN'S ROAD,SURFACE CAR PARK,ELECTRONIC PARKING,WHOLE DAY,NO,YES,0,0.0,N,1.2431923116439263,103.88143018043876
621,FR3M,BLK 8A EMPRESS ROAD,MULTI-STOREY CAR PARK,ELECTRONIC PARKING,WHOLE DAY,NO,YES,12,2.15,N,1.2422127364791562,103.88021222323177
622,FR4M,BLK 6A FARRER ROAD,MULTI-STOREY CAR PARK,ELECTRONIC PARKING,WHOLE DAY,NO,YES,3,2.15,N,1.2435452064171033,103.88039195985054
623,GBM,BLK 60A GEYLANG BAHRU,MULTI-STOREY CAR PARK,ELECTRONIC PARKING,WHOLE DAY,SUN & PH FR 7AM-10.30PM,YES,12,2.15,N,1.3050395070470464,103.88625192129709
624,GEM,BLK 118 ALJUNIED AVENUE 2,MULTI-STOREY CAR PARK,ELECTRONIC PARKING,WHOLE DAY,SUN & PH FR 7AM-10.30PM,YES,9,1.8,N,1.3241312986029214,103.8835346659823
625,GEML,BLK 118 ALJUNIED AVENUE 2,SURFACE CAR PARK,ELECTRONIC PARKING,NO,NO,NO,0,0.0,N,1.3243800270099433,103.88343624165351
626,GE1A,BLK 99-106/111-112 ALJUNIED CRESCENT,SURFACE CAR PARK,ELECTRONIC PARKING,WHOLE DAY,SUN & PH FR 7AM-10.30PM,YES,0,0.0,N,1.319939479964036,103.88338612935546
627,GE1B,BLK 114-117 ALJUNIED AVENUE 2,SURFACE CAR PARK,ELECTRONIC PARKING,WHOLE DAY,NO,YES,0,0.0,N,1.3235171145659357,103.88469576028317
628,GE1C,BLK 119 ALJUNIED CRESCENT,SURFACE CAR PARK,ELECTRONIC PARKING,WHOLE DAY,SUN & PH FR 7AM-10.30PM,YES,0,0.0,N,1.322819334806992,103.88325837415103
629,GE1D,BLK 1005-1012 ALJUNIED CRESCENT,SURFACE CAR PARK,COUPON PARKING,WHOLE DAY,SUN & PH FR 7AM-10.30PM,YES,0,0.0,N,1.3257020306074234,103.88534026154915
630,GE1E,BLK 109-110 ALJUNIED CRESCENT,SURFACE CAR PARK,ELECTRONIC PARKING,WHOLE DAY,SUN & PH FR 7AM-10.30PM,YES,0,0.0,N,1.3209360692543934,103.8832212290307
631,GE1F,BLK 107-108 ALJUNIED CRESCENT,SURFACE CAR PARK,ELECTRONIC PARKING,WHOLE DAY,SUN & PH FR 7AM-10.30PM,YES,0,0.0,N,1.3207425274193336,103.88271297536915
632,GE1G,BLK 95 & 113 ALJUNIED CRESCENT,SURFACE CAR PARK,ELECTRONIC PARKING,7AM-10.30PM,SUN & PH FR 7AM-10.30PM,NO,0,0.0,N,1.3228290602566113,103.88445425916994
633,GE2,BLK 120 TO 123 GEYLANG EAST CENTRAL,SURFACE CAR PARK,ELECTRONIC PARKING,WHOLE DAY,SUN & PH FR 7AM-10.30PM,YES,0,5.4,N,1.3213502443517449,103.88145660009698
634,GE3,BLK 124 TO 128 GEYLANG EAST AVENUE 1,SURFACE CAR PARK,ELECTRONIC PARKING,WHOLE DAY,SUN & PH FR 7AM-10.30PM,YES,0,0.0,N,1.3238904567529288,103.88101512872817
635,GE5,BLK 129-134 GEYLANG EAST AVENUE 1/2,SURFACE CAR PARK,ELECTRONIC PARKING,WHOLE DAY,SUN & PH FR 7AM-10.30PM,YES,0,4.5,N,1.3240938157534035,103.88007003694486
636,GMLM,BLK 24 GHIM MOH LINK,MULTI-STOREY CAR PARK,ELECTRONIC PARKING,NO,SUN & PH FR 7AM-10.30PM,YES,7,2.15,N,1.2216908102329802,103.87229715183865
637,GM1A,BLK 2A GHIM MOH ROAD,MULTI-STOREY CAR PARK,ELECTRONIC PARKING,WHOLE DAY,SUN & PH FR 7AM-10.30PM,YES,2,2.15,N,1.2228030423947787,103.8761573579481
638,GM1B,BLK 5A GHIM MOH ROAD,MULTI-STOREY CAR PARK,ELECTRONIC PARKING,WHOLE DAY,SUN & PH FR 7AM-10.30PM,YES,2,2.15,N,1.2241429058771096,103.8764634254531
639,GM1M,31A GHIM MOH LINK,MULTI-STOREY CAR PARK,ELECTRONIC PARKING,WHOLE DAY,SUN & PH FR 7AM-10.30PM,YES,7,2.15,N,1.2202296698795985,103.87291923105239
640,GM2,BLK 7/8/9 GHIM MOH ROAD,SURFACE CAR PARK,ELECTRONIC PARKING,WHOLE DAY,SUN & PH FR 7AM-10.30PM,YES,0,4.5,N,1.224045422664767,103.87515166206937
641,GM2A,BLK 8A GHIM MOH ROAD,MULTI-STOREY CAR PARK,ELECTRONIC PARKING,WHOLE DAY,SUN & PH FR 7AM-10.30PM,YES,5,2.15,N,1.2231438606263514,103.87442602350838
642,GM3,BLK 19/20 GHIM MOH ROAD,SURFACE CAR PARK,ELECTRONIC PARKING,WHOLE DAY,SUN & PH FR 7AM-10.30PM,YES,0,0.0,N,1.2247429075868042,103.87470904178006
643,GM5,BLK 21 GHIM MOH ROAD,SURFACE CAR PARK,ELECTRONIC PARKING,WHOLE DAY,SUN & PH FR 7AM-10.30PM,YES,0,9.99,N,1.2243984467564535,103.873939994228
644,GM6A,BLK 13A GHIM MOH ROAD,MULTI-STOREY CAR PARK,ELECTRONIC PARKING,7AM-7PM,SUN & PH FR 7AM-10.30PM,NO,5,2.15,N,1.2246118450258272,103.873056422691
645,GM6B,BLK 16A GHIM MOH ROAD,MULTI-STOREY CAR PARK,ELECTRONIC PARKING,WHOLE DAY,SUN & PH FR 7AM-10.30PM,YES,7,2.15,N,1.2235343691058715,103.87317419722825
646,GSM,BLK 2 GEYLANG SERAI,MULTI-STOREY CAR PARK,ELECTRONIC PARKING,WHOLE DAY,NO,YES,7,2.15,N,1.3349383165785011,103.88072321432298
647,GSML,BLK 2 GEYLANG SERAI,SURFACE CAR PARK,ELECTRONIC PARKING,NO,NO,NO,0,2.15,N,1.3350876919862302,103.88054886112899
648,HCM,BLK 104A HENDERSON CRESCENT,MULTI-STOREY CAR PARK,ELECTRONIC PARKING,WHOLE DAY,SUN & PH FR 7AM-10.30PM,YES,11,2.1,N,1.257661627879571,103.85274197360506
649,HDBH,BLK 480 480 LORONG 6 TOA PAYOH,BASEMENT CAR PARK,ELECTRONIC PARKING,WHOLE DAY,NO,YES,3,2.1,Y,1.2845933659663638,103.8956226172181
650,HE1,BLK 102/103/104 HENDERSON CRESCENT,SURFACE CAR PARK,ELECTRONIC PARKING,7AM-10.30PM,SUN & PH FR 7AM-10.30PM,NO,0,4.5,N,1.2584622365220395,103.85291693509267
651,HE12,BLK 78/81 REDHILL LANE,SURFACE CAR PARK,ELECTRONIC PARKING,WHOLE DAY,SUN & PH FR 7AM-10.30PM,YES,0,4.5,N,1.2547334563384105,103.85191133719327
652,HE14,BLK 115 BUKIT MERAH VIEW,SURFACE CAR PARK,COUPON PARKING,WHOLE DAY,SUN & PH FR 7AM-10.30PM,YES,0,0.0,N,1.2583586645887672,103.84943181131587
653,HE17,BLK 93/96 HENDERSON ROAD,SURFACE CAR PARK,ELECTRONIC PARKING,WHOLE DAY,SUN & PH FR 7AM-10.30PM,YES,0,0.0,N,1.2564829364355565,103.8501359075837
654,HE19,- ALEXANDRA ROAD,SURFACE CAR PARK,ELECTRONIC PARKING,WHOLE DAY,SUN & PH FR 7AM-10.30PM,YES,0,5.4,N,1.2570830343358235,103.85422690073712
655,HE22,BLK 105 HENDERSON ROAD,SURFACE CAR PARK,COUPON PARKING,7AM-10.30PM,SUN & PH FR 7AM-10.30PM,NO,0,2.2,N,1.258958104607837,103.85371041506104
656,HE24,BLK 116 BUKIT MERAH VIEW,SURFACE CAR PARK,ELECTRONIC PARKING,WHOLE DAY,SUN & PH FR 7AM-10.30PM,YES,0,0.0,N,1.2570833044656382,103.84839226352537
657,HE3,BLK 116/117 BUKIT MERAH VIEW,SURFACE CAR PARK,ELECTRONIC PARKING,WHOLE DAY,SUN & PH FR 7AM-10.30PM,YES,0,0.0,N,1.257814373904199,103.84844284598601
658,HE4,BLK 121/122 & 127 BUKIT MERAH VIEW,SURFACE CAR PARK,ELECTRONIC PARKING,WHOLE DAY,SUN & PH FR 7AM-10.30PM,YES,0,0.0,N,1.25889248257279,103.8472028088631
659,HE9,BLK 118/119 BUKIT MERAH VIEW,SURFACE CAR PARK,ELECTRONIC PARKING,WHOLE DAY,SUN & PH FR 7AM-10.30PM,YES,0,0.0,N,1.2572930800226,103.84743773459977
660,HG1,"BLK 1,2,6,7 HOUGANG AVENUE 3",SURFACE CAR PARK,ELECTRONIC PARKING,WHOLE DAY,SUN & PH FR 7AM-10.30PM,YES,0,9.99,N,1.3307486384824214,103.92539308405135
661,HG1A,BLK 470 UPPER SERANGOON CRESCENT,MULTI-STOREY CAR PARK,ELECTRONIC PARKING,WHOLE DAY,SUN & PH FR 7AM-10.30PM,YES,14,2.15,N,1.3384019775847973,103.94178595978778
662,HG1B,BLK 475 UPPER SERANGOON CRESCENT,MULTI-STOREY CAR PARK,ELECTRONIC PARKING,WHOLE DAY,SUN & PH FR 7AM-10.30PM,YES,14,2.15,N,1.337299221726248,103.93886177207459
663,HG1C,BLK 476 UPPER SERANGOON VIEW,MULTI-STOREY CAR PARK,ELECTRONIC PARKING,WHOLE DAY,SUN & PH FR 7AM-10.30PM,YES,8,2.15,N,1.340492155419352,103.94099474471145
664,HG1D,BLK 376 HOUGANG STREET 32,MULTI-STOREY CAR PARK,ELECTRONIC PARKING,WHOLE DAY,SUN & PH FR 7AM-10.30PM,YES,10,2.15,N,1.3306816535021402,103.9269607892314
665,HG1E,BLK 377 HOUGANG STREET 32,MULTI-STOREY CAR PARK,ELECTRONIC PARKING,WHOLE DAY,NO,YES,5,2.1,N,1.3312879139011395,103.92587578624847
666,HG1F,BLK 229 HOUGANG STREET 21,MULTI-STOREY CAR PARK,ELECTRONIC PARKING,WHOLE DAY,SUN & PH FR 7AM-10.30PM,YES,6,2.15,N,1.3236289638353949,103.92136634582016
667,HG10,BLK 101-108 HOUGANG AVENUE 1,SURFACE CAR PARK,ELECTRONIC PARKING,WHOLE DAY,NO,YES,0,4.5,N,1.327029164079588,103.91782397474684
668,HG11,BLK 301-319 HOUGANG AVENUE 5,SURFACE CAR PARK,ELECTRONIC PARKING,WHOLE DAY,SUN & PH FR 7AM-10.30PM,YES,0,0.0,N,1.3315542672610083,103.92916231620698
669,HG12,BLK 320-324 HOUGANG AVENUE 5,SURFACE CAR PARK,ELECTRONIC PARKING,WHOLE DAY,SUN & PH FR 7AM-10.30PM,YES,0,0.0,N,1.3347553309055409,103.92989383954934
670,HG13,BLK 325/326 HOUGANG AVENUE 7,SURFACE CAR PARK,ELECTRONIC PARKING,WHOLE DAY,SUN & PH FR 7AM-10.30PM,YES,0,0.0,N,1.335160668511483,103.93102660420378
671,HG14,"BLK 327-328,332-334,358-363 HOUGANG AVENUE 5",SURFACE CAR PARK,ELECTRONIC PARKING,7AM-10.30PM,SUN & PH FR 7AM-10.30PM,NO,0,5.4,N,1.3330106189269064,103.9323803576957
672,HG15,BLK 208-210 HOUGANG STREET 21,SURFACE CAR PARK,ELECTRONIC PARKING,WHOLE DAY,NO,YES,0,9.99,N,1.3232331000173967,103.92220852509327
673,HG16,BLK 211-212 HOUGANG STREET 21,SURFACE CAR PARK,ELECTRONIC PARKING,WHOLE DAY,NO,YES,0,9.99,N,1.324621297600623,103.92296929823
674,HG17,BLK 231/233/235/237 HOUGANG STREET 21,SURFACE CAR PARK,ELECTRONIC PARKING,WHOLE DAY,SUN & PH FR 7AM-10.30PM,YES,0,4.5,N,1.3244867763111057,103.92093150353429
675,HG18,BLK 230/232/234/236/238 HOUGANG AVENUE 1,SURFACE CAR PARK,ELECTRONIC PARKING,7AM-10.30PM,SUN & PH FR 7AM-10.30PM,NO,0,2.4,N,1.3254857969571425,103.92130991212667
676,HG19,BLK 138-145 LORONG AH SOO,SURFACE CAR PARK,ELECTRONIC PARKING,WHOLE DAY,SUN & PH FR 7AM-10.30PM,YES,0,5.4,N,1.3203047802755454,103.91613220998535
677,HG2,BLK 15-18 HOUGANG AVENUE 3,SURFACE CAR PARK,ELECTRONIC PARKING,WHOLE DAY,SUN & PH FR 7AM-10.30PM,YES,0,9.99,N,1.328580485037531,103.9261388718856
678,HG2A,BLK 473 UPPER SERANGOON CRESCENT,MULTI-STOREY CAR PARK,ELECTRONIC PARKING,WHOLE DAY,SUN & PH FR 7AM-10.30PM,YES,2,2.15,N,1.337330913263582,103.93950906683176
679,HG2B,BLK 933 HOUGANG AVENUE 9,MULTI-STOREY CAR PARK,ELECTRONIC PARKING,WHOLE DAY,NO,YES,14,2.15,N,1.3189483234077692,103.93867084071626
680,HG2C,BLK 364 / 365 UPPER SERANGOON RD,MULTI-STOREY CAR PARK,ELECTRONIC PARKING,WHOLE DAY,NO,YES,14,2.15,N,1.3338156164176123,103.93328454543087
681,HG2D,"BLK 581,582 AND 582A BUANGKOK GREEN",SURFACE CAR PARK,ELECTRONIC PARKING,7AM-10.30PM,NO,NO,0,0.0,N,1.3237044473022326,103.94252346096094
682,HG20,BLK 128-137 LORONG AH SOO,SURFACE CAR PARK,ELECTRONIC PARKING,7AM-10.30PM,SUN & PH FR 7AM-10.30PM,NO,0,4.5,N,1.3229470597381732,103.91358694148285
683,HG22,BLK 154-157 HOUGANG STREET 11,SURFACE CAR PARK,ELECTRONIC PARKING,7AM-10.30PM,SUN & PH FR 7AM-10.30PM,NO,0,4.5,N,1.3169131772495344,103.91576249551612
684,HG23,BLK 239-246 HOUGANG STREET 22,SURFACE CAR PARK,ELECTRONIC PARKING,7AM-10.30PM,SUN & PH FR 7AM-10.30PM,NO,0,4.5,N,1.3280985432979684,103.92076985396419
685,HG24,BLK 247-254 HOUGANG AVENUE 3,SURFACE CAR PARK,ELECTRONIC PARKING,7AM-10.30PM,SUN & PH FR 7AM-10.30PM,NO,0,5.0,N,1.328244708739923,103.92304070909923
686,HG26,BLK 335-341 HOUGANG AVENUE 7,SURFACE CAR PARK,COUPON PARKING,WHOLE DAY,SUN & PH FR 7AM-10.30PM,YES,0,0.0,N,1.3354515880338669,103.93267735541374
687,HG29,BLK 351-357 HOUGANG AVENUE 7,SURFACE CAR PARK,ELECTRONIC PARKING,WHOLE DAY,SUN & PH FR 7AM-10.30PM,YES,0,0.0,N,1.335680368416678,103.9355047819451
688,HG3A,BLK 997 BUANGKOK CRESCENT,MULTI-STOREY CAR PARK,ELECTRONIC PARKING,WHOLE DAY,SUN & PH FR 7AM-10.30PM,YES,14,2.15,N,1.3172685576143288,103.94849982862654
689,HG3B,BLK 991 BUANGKOK LINK,MULTI-STOREY CAR PARK,ELECTRONIC PARKING,WHOLE DAY,SUN & PH FR 7AM-10.30PM,YES,7,2.15,N,1.3181110241659544,103.9473842442425
690,HG3C,BLK 996 BUANGKOK CRESCENT,MULTI-STOREY CAR PARK,ELECTRONIC PARKING,WHOLE DAY,SUN & PH FR 7AM-10.30PM,YES,15,2.15,N,1.3184943683967774,103.94984512802415
691,HG3D,BLK 998 BUANGKOK CRESCENT,MULTI-STOREY CAR PARK,ELECTRONIC PARKING,WHOLE DAY,SUN & PH FR 7AM-10.30PM,YES,11,2.15,N,1.3161475976330406,103.94729605854577
692,HG3E,BLK 993 BUANGKOK LINK,MULTI-STOREY CAR PARK,ELECTRONIC PARKING,WHOLE DAY,SUN & PH FR 7AM-10.30PM,YES,13,2.15,N,1.320157684335392,103.94820004776375
693,HG3L,"BLK 993A-993B, 994A-994C, 995A-995D, BUANGKOK CRESCENT/BUANGKOK LINK",SURFACE CAR PARK,ELECTRONIC PARKING,NO,SUN & PH FR 7AM-10.30PM,NO,0,0.0,N,1.3180895903091405,103.94928187046844
694,HG30,BLK 464-468 HOUGANG AVENUE 10,SURFACE CAR PARK,ELECTRONIC PARKING,WHOLE DAY,SUN & PH FR 7AM-10.30PM,YES,0,2.9,N,1.3335520572386865,103.93641560932588
695,HG31,BLK 414-416 HOUGANG AVENUE 10,SURFACE CAR PARK,ELECTRONIC PARKING,WHOLE DAY,SUN & PH FR 7AM-10.30PM,YES,0,4.5,N,1.3330854847126297,103.93855807837558
696,HG32,BLK 601-608 HOUGANG AVENUE 4,SURFACE CAR PARK,ELECTRONIC PARKING,WHOLE DAY,SUN & PH FR 7AM-10.30PM,YES,0,4.5,N,1.3225761461492893,103.93454689862467
697,HG33,BLK 609-621 HOUGANG AVENUE 8,SURFACE CAR PARK,ELECTRONIC PARKING,WHOLE DAY,SUN & PH FR 7AM-10.30PM,YES,0,4.5,N,1.3208803510029314,103.9327471489899
698,HG34,BLK 622-632 HOUGANG AVENUE 8,SURFACE CAR PARK,ELECTRONIC PARKING,WHOLE DAY,SUN & PH FR 7AM-10.30PM,YES,0,4.5,N,1.3179898353931532,103.93311926579423
699,HG35,"BLK 701-702,707-710 HOUGANG AVENUE 2",SURFACE CAR PARK,ELECTRONIC PARKING,WHOLE DAY,SUN & PH FR 7AM-10.30PM,YES,0,0.0,N,1.3254986949903962,103.92968916410871
700,HG36,"BLK 703-706,711-712 HOUGANG AVENUE 2",SURFACE CAR PARK,ELECTRONIC PARKING,WHOLE DAY,SUN & PH FR 7AM-10.30PM,YES,0,0.0,N,1.3241301164574482,103.92932029054133
701,HG37,BLKS 501-507 HOUGANG AVENUE 8,SURFACE CAR PARK,ELECTRONIC PARKING,NO,SUN & PH FR 7AM-10.30PM,YES,0,4.5,N,1.3238949897564252,103.93616608366939
702,HG38,"BLK 508-517,520-533 HOUGANG AVENUE 10",SURFACE CAR PARK,ELECTRONIC PARKING,WHOLE DAY,SUN & PH FR 7AM-10.30PM,YES,0,4.5,N,1.3268377976585812,103.93654853491677
703,HG39,HOUGANG SPORTS COMPLEX,SURFACE CAR PARK,ELECTRONIC PARKING,WHOLE DAY,SUN & PH FR 7AM-10.30PM,YES,0,0.0,N,1.3224832520089553,103.93312046120526
704,HG4,BLK 19-23 HOUGANG AVENUE 3,SURFACE CAR PARK,ELECTRONIC PARKING,WHOLE DAY,SUN & PH FR 7AM-10.30PM,YES,0,9.99,N,1.3275315510827244,103.92744450848537
705,HG40,"BLK 1 TO 32, 37 TO 38 DEFU LANE 10",SURFACE CAR PARK,COUPON PARKING,WHOLE DAY,SUN & PH FR 7AM-10.30PM,YES,0,0.0,N,1.3286402892282312,103.9154107210766
706,HG41,BLK 633-642 & 647-648 HOUGANG AVENUE 8,SURFACE CAR PARK,ELECTRONIC PARKING,WHOLE DAY,SUN & PH FR 7AM-10.30PM,YES,0,4.5,N,1.3158228774982812,103.93444421089563
707,HG42,BLK 643-646/649-662/665-667 HOUGANG AVENUE 8,SURFACE CAR PARK,ELECTRONIC PARKING,WHOLE DAY,SUN & PH FR 7AM-10.30PM,YES,0,4.5,N,1.3199167115391661,103.93731082986781
708,HG43,BLK 668-680 HOUGANG AVENUE 8,SURFACE CAR PARK,ELECTRONIC PARKING,WHOLE DAY,SUN & PH FR 7AM-10.30PM,YES,0,9.99,N,1.3208087625120977,103.93527612970965
709,HG44,BLK 681-684 HOUGANG AVENUE 4/8,SURFACE CAR PARK,ELECTRONIC PARKING,WHOLE DAY,NO,YES,0,9.99,N,1.3228472774138855,103.93680206057073
710,HG45,BLK 685-691 HOUGANG STREET 61,SURFACE CAR PARK,ELECTRONIC PARKING,WHOLE DAY,SUN & PH FR 7AM-10.30PM,YES,0,4.5,N,1.322646105389609,103.9390425915098
711,HG46,BLK 692-698 HOUGANG STREET 61,SURFACE CAR PARK,ELECTRONIC PARKING,WHOLE DAY,SUN & PH FR 7AM-10.30PM,YES,0,4.5,N,1.3234844799636292,103.93899696169144
712,HG47,BLK 805 HOUGANG CENTRAL,MULTI-STOREY CAR PARK,ELECTRONIC PARKING,WHOLE DAY,NO,YES,8,1.9,N,1.3305291122616014,103.93435369200411
713,HG48,BLK 417-434 HOUGANG AVENUE 6/8/10,SURFACE CAR PARK,ELECTRONIC PARKING,WHOLE DAY,SUN & PH FR 7AM-10.30PM,YES,0,9.99,N,1.3306611890614206,103.93856753886911
714,HG49,BLK 435-458 HOUGANG AVENUE 6/8,SURFACE CAR PARK,ELECTRONIC PARKING,WHOLE DAY,SUN & PH FR 7AM-10.30PM,YES,0,4.5,N,1.3313308676693407,103.94191412262788
715,HG5,BLK 24/25 HOUGANG AVENUE 3,SURFACE CAR PARK,ELECTRONIC PARKING,WHOLE DAY,SUN & PH FR 7AM-10.30PM,YES,0,0.0,N,1.3288675077045407,103.92856225698746
716,HG50,BLK 534-545 HOUGANG AVENUE 8,SURFACE CAR PARK,ELECTRONIC PARKING,7AM-10.30PM,SUN & PH FR 7AM-10.30PM,NO,0,2.0,N,1.3278832457269931,103.94046176866998
717,HG51,BLK 546-555 HOUGANG STREET 51,SURFACE CAR PARK,ELECTRONIC PARKING,WHOLE DAY,SUN & PH FR 7AM-10.30PM,YES,0,5.4,N,1.3266547657640355,103.9417724223923
718,HG52,BLK 556-566 HOUGANG STREET 51,SURFACE CAR PARK,ELECTRONIC PARKING,WHOLE DAY,SUN & PH FR 7AM-10.30PM,YES,0,9.99,N,1.3262948115515358,103.94339349564193
719,HG53,BLK 830A HOUGANG CENTRAL,MULTI-STOREY CAR PARK,ELECTRONIC PARKING,7AM-10.30PM,SUN & PH FR 7AM-10.30PM,NO,10,1.87,N,1.3272490603449778,103.93404322178169
720,HG54,BLK 220-222 HOUGANG STREET 21,MULTI-STOREY CAR PARK,ELECTRONIC PARKING,WHOLE DAY,SUN & PH FR 7AM-10.30PM,YES,10,1.86,N,1.3208605957653783,103.91990679416197
721,HG55,BLK 814 HOUGANG AVENUE 10,SURFACE CAR PARK,ELECTRONIC PARKING,WHOLE DAY,NO,YES,0,0.0,N,1.3297742011341473,103.93584335190619
722,HG56,BLK 830-835 HOUGANG CENTRAL,SURFACE CAR PARK,ELECTRONIC PARKING,7AM-10.30PM,NO,NO,0,4.5,N,1.3266644357147424,103.93437248012263
723,HG57,DEFU LANE 7,SURFACE CAR PARK,COUPON PARKING,7AM-10.30PM,NO,NO,0,0.0,N,1.3335335269150388,103.9186086668556
724,HG58,DEFU LANE 8,SURFACE CAR PARK,COUPON PARKING,7AM-10.30PM,NO,NO,0,0.0,N,1.3333069849638315,103.9203745325975
725,HG59,DEFU LANE 9,SURFACE CAR PARK,COUPON PARKING,WHOLE DAY,NO,YES,0,0.0,N,1.329883792044912,103.91418308919468
726,HG60,BLK 548A HOUGANG STREET 51,MULTI-STOREY CAR PARK,ELECTRONIC PARKING,WHOLE DAY,NO,YES,11,2.0,N,1.3277423660954617,103.94212355520457
727,HG61,BLK 559A HOUGANG STREET 51,MULTI-STOREY CAR PARK,ELECTRONIC PARKING,WHOLE DAY,NO,YES,7,2.0,N,1.3256898251276443,103.94276889224888
728,HG62,BLK 566A HOUGANG STREET 51,MULTI-STOREY CAR PARK,ELECTRONIC PARKING,WHOLE DAY,NO,YES,10,2.0,N,1.325091055825619,103.94393428291151
729,HG63,BLK 465A UPPER SERANGOON ROAD,MULTI-STOREY CAR PARK,ELECTRONIC PARKING,WHOLE DAY,SUN & PH FR 7AM-10.30PM,YES,11,2.0,N,1.333953262155122,103.93551995915254
730,HG64,BLK 682-684 HOUGANG STREET 61,SURFACE CAR PARK,ELECTRONIC PARKING,WHOLE DAY,NO,YES,0,0.0,N,1.3228149617807685,103.937490070359
731,HG65,DEFU LANE 11,SURFACE CAR PARK,COUPON PARKING,7AM-10.30PM,NO,NO,0,0.0,N,1.3293895465384236,103.90566156660203
732,HG66,DEFU LANE 12,SURFACE CAR PARK,COUPON PARKING,7AM-10.30PM,NO,NO,0,0.0,N,1.3320184084932014,103.90395296749632
733,HG67,"BLK 401-413, 460-463 HOUGANG AVENUE 10",SURFACE CAR PARK,ELECTRONIC PARKING,WHOLE DAY,SUN & PH FR 7AM-10.30PM,YES,0,4.5,N,1.3323962947344083,103.93744242377944
734,HG68,BLK 838A HOUGANG CENTRAL,MULTI-STOREY CAR PARK,ELECTRONIC PARKING,WHOLE DAY,SUN & PH FR 7AM-10.30PM,YES,10,2.0,N,1.328392845995124,103.9331020069304
735,HG69,BLK 850A HOUGANG CENTRAL,MULTI-STOREY CAR PARK,ELECTRONIC PARKING,WHOLE DAY,SUN & PH FR 7AM-10.30PM,YES,10,2.0,N,1.3295303825153675,103.93315801003787
736,HG7,BLK 109-127 HOUGANG AVENUE 1,SURFACE CAR PARK,ELECTRONIC PARKING,WHOLE DAY,SUN & PH FR 7AM-10.30PM,YES,0,4.5,N,1.324331242582529,103.9169348570276
737,HG70,BLK 567A HOUGANG STREET 51,MULTI-STOREY CAR PARK,ELECTRONIC PARKING,WHOLE DAY,NO,YES,10,2.15,N,1.3250396750978977,103.94209276060306
738,HG71,BLK 574A HOUGANG STREET 51,MULTI-STOREY CAR PARK,ELECTRONIC PARKING,WHOLE DAY,SUN & PH FR 7AM-10.30PM,YES,10,2.15,N,1.3228915265235626,103.94082991540154
739,HG72,BLK 576A HOUGANG AVENUE 4,MULTI-STOREY CAR PARK,ELECTRONIC PARKING,WHOLE DAY,SUN & PH FR 7AM-10.30PM,YES,12,2.15,N,1.3224259257850894,103.94174554890189
740,HG73,BLK 909A HOUGANG STREET 91,MULTI-STOREY CAR PARK,ELECTRONIC PARKING,WHOLE DAY,SUN & PH FR 7AM-10.30PM,YES,12,2.15,N,1.3200508183462218,103.94142762232704
741,HG74,BLK 166A HOUGANG AVENUE 1,MULTI-STOREY CAR PARK,ELECTRONIC PARKING,WHOLE DAY,SUN & PH FR 7AM-10.30PM,YES,12,2.15,N,1.3246006668734442,103.91412026602609
742,HG75,BLK 172A HOUGANG AVENUE 1,MULTI-STOREY CAR PARK,ELECTRONIC PARKING,WHOLE DAY,SUN & PH FR 7AM-10.30PM,YES,12,2.15,N,1.3255340861968041,103.9138931896315
743,HG76,BLK 159A HOUGANG STREET 11,MULTI-STOREY CAR PARK,ELECTRONIC PARKING,WHOLE DAY,SUN & PH FR 7AM-10.30PM,YES,7,2.15,N,1.3159478875107673,103.9151046121764
744,HG77,BLK 919A HOUGANG AVENUE 4,MULTI-STOREY CAR PARK,ELECTRONIC PARKING,WHOLE DAY,SUN & PH FR 7AM-10.30PM,YES,10,2.15,N,1.3207481376424017,103.93859572750276
745,HG78,BLK 925A HOUGANG STREET 91,MULTI-STOREY CAR PARK,ELECTRONIC PARKING,WHOLE DAY,SUN & PH FR 7AM-10.30PM,YES,10,2.15,N,1.319763560938187,103.93990862293809
746,HG79,BLK 931A HOUGANG STREET 91,MULTI-STOREY CAR PARK,ELECTRONIC PARKING,7AM-10.30PM,NO,NO,10,2.15,N,1.3169711348460817,103.93918555104064
747,HG80,BLK 941A HOUGANG STREET 92,MULTI-STOREY CAR PARK,ELECTRONIC PARKING,WHOLE DAY,SUN & PH FR 7AM-10.30PM,YES,12,2.15,N,1.3155382432524416,103.93733946837723
748,HG81,DEFU LANE 1,SURFACE CAR PARK,COUPON PARKING,7AM-10.30PM,NO,NO,0,0.0,N,1.3359150521095706,103.92416319942348
749,HG82,DEFU LANE 2,SURFACE CAR PARK,COUPON PARKING,7AM-10.30PM,NO,NO,0,0.0,N,1.3391897517528308,103.92360846029158
750,HG83,DEFU LANE 3,SURFACE CAR PARK,COUPON PARKING,7AM-10.30PM,NO,NO,0,0.0,N,1.338682229379533,103.92165810316465
751,HG84,DEFU LANE 5,SURFACE CAR PARK,COUPON PARKING,7AM-10.30PM,NO,NO,0,0.0,N,1.3349618804202936,103.92285885318108
752,HG85,DEFU LANE 6,SURFACE CAR PARK,COUPON PARKING,7AM-10.30PM,NO,NO,0,0.0,N,1.336075142698856,103.92349957167322
753,HG86,BLK 946A HOUGANG STREET 92,MULTI-STOREY CAR PARK,ELECTRONIC PARKING,WHOLE DAY,SUN & PH FR 7AM-10.30PM,YES,12,2.15,N,1.3170081537606733,103.93780780299355
754,HG87,BLK 955A HOUGANG AVENUE 9,MULTI-STOREY CAR PARK,ELECTRONIC PARKING,WHOLE DAY,SUN & PH FR 7AM-10.30PM,YES,12,2.15,N,1.3143260589331522,103.93905906319846
755,HG88,BLK 699D HOUGANG STREET 52,MULTI-STOREY CAR PARK,ELECTRONIC PARKING,WHOLE DAY,SUN & PH FR 7AM-10.30PM,YES,12,2.15,N,1.3251217264613175,103.9391808541878
756,HG89,BLK 435A HOUGANG AVENUE 8,MULTI-STOREY CAR PARK,ELECTRONIC PARKING,WHOLE DAY,SUN & PH FR 7AM-10.30PM,YES,12,2.15,N,1.3305959344769176,103.9409692273413
757,HG9,BLK 201-204 HOUGANG STREET 21,SURFACE CAR PARK,ELECTRONIC PARKING,WHOLE DAY,NO,YES,0,4.5,N,1.3210266871843508,103.92215841708556
758,HG9T,BLK 206 HOUGANG STREET 21,SURFACE CAR PARK,ELECTRONIC PARKING,WHOLE DAY,NO,YES,0,9.99,N,1.3217501023771971,103.92189799757624
759,HG90,BLK 966A HOUGANG AVENUE 9,MULTI-STOREY CAR PARK,ELECTRONIC PARKING,WHOLE DAY,SUN & PH FR 7AM-10.30PM,YES,12,2.15,N,1.3143061298465677,103.9410069475486
760,HG91,BLK 971A HOUGANG STREET 91,MULTI-STOREY CAR PARK,ELECTRONIC PARKING,WHOLE DAY,SUN & PH FR 7AM-10.30PM,YES,12,2.15,N,1.316698042230188,103.94114229613625
761,HG92,BLK 373A HOUGANG STREET 31,MULTI-STOREY CAR PARK,ELECTRONIC PARKING,WHOLE DAY,SUN & PH FR 7AM-10.30PM,YES,12,2.15,N,1.3266125593529643,103.92549385825328
762,HG93,BLK 980 BUANGKOK CRESCENT,MULTI-STOREY CAR PARK,ELECTRONIC PARKING,WHOLE DAY,SUN & PH FR 7AM-10.30PM,YES,13,2.15,N,1.3165946386404583,103.94309040046488
763,HG94,BLK 984 BUANGKOK LINK,MULTI-STOREY CAR PARK,ELECTRONIC PARKING,WHOLE DAY,SUN & PH FR 7AM-10.30PM,YES,13,2.15,N,1.3171282384844327,103.94466304704041
764,HG95,BLK 105 HOUGANG AVENUE 1,MULTI-STOREY CAR PARK,ELECTRONIC PARKING,WHOLE DAY,NO,YES,2,2.15,N,1.3266432670963537,103.91725776778557
765,HG96,BLK 108 HOUGANG AVENUE 1,SURFACE CAR PARK,ELECTRONIC PARKING,WHOLE DAY,NO,YES,0,0.0,N,1.3263100888949977,103.91596946453161
766,HG97,BLK 804 HOUGANG AVENUE 10,SURFACE CAR PARK,ELECTRONIC PARKING,WHOLE DAY,NO,YES,0,0.0,N,1.331329466674546,103.93439154923512
767,HG98,BLK 988 BUANGKOK GREEN,MULTI-STOREY CAR PARK,ELECTRONIC PARKING,WHOLE DAY,SUN & PH FR 7AM-10.30PM,YES,9,2.15,N,1.3141601062330837,103.9430861275272
768,HG99,BLK 174A-174D HOUGANG AVENUE 1,SURFACE CAR PARK,ELECTRONIC PARKING,WHOLE DAY,NO,YES,0,0.0,N,1.3255844703909865,103.91274373047206
769,HLM,BLK 533A HONG LIM MSCP,MULTI-STOREY CAR PARK,ELECTRONIC PARKING,WHOLE DAY,NO,YES,11,1.9,N,1.2817476622959083,103.84848149002086
770,HRM,BLK 96 HENDERSON ROAD,MULTI-STOREY CAR PARK,ELECTRONIC PARKING,WHOLE DAY,SUN & PH FR 7AM-10.30PM,YES,9,2.15,N,1.2574563017856561,103.85122663060403
771,HR1,BLK 1-3 HAIG ROAD,SURFACE CAR PARK,ELECTRONIC PARKING,WHOLE DAY,SUN & PH FR 7AM-10.30PM,YES,0,4.5,N,1.3341387798656676,103.87501598389284
772,HR2,BLK 4-6 HAIG ROAD,SURFACE CAR PARK,ELECTRONIC PARKING,WHOLE DAY,SUN & PH FR 7AM-10.30PM,YES,0,4.5,N,1.3336186444907745,103.87617827184766
773,HR3,BLK 7 TO 9 HAIG ROAD,SURFACE CAR PARK,ELECTRONIC PARKING,WHOLE DAY,SUN & PH FR 7AM-10.30PM,YES,0,4.5,N,1.3329733847844254,103.87751726361581
774,HR4,BLK 10 TO 14 HAIG ROAD,SURFACE CAR PARK,ELECTRONIC PARKING,WHOLE DAY,SUN & PH FR 7AM-10.30PM,YES,0,4.5,N,1.3325845856986895,103.87822494802937
775,HR5,BLK 21 TO 23 HAIG ROAD,SURFACE CAR PARK,ELECTRONIC PARKING,WHOLE DAY,SUN & PH FR 7AM-10.30PM,YES,0,0.0,N,1.3316767559541913,103.87656189838201
776,HVM,BLK 51 HAVELOCK ROAD,MULTI-STOREY CAR PARK,ELECTRONIC PARKING,WHOLE DAY,SUN & PH FR 7AM-10.30PM,YES,10,2.15,N,1.2638599703861058,103.85356012243788
777,H11,BLK 34 JALAN BUKIT HO SWEE,SURFACE CAR PARK,COUPON PARKING,WHOLE DAY,SUN & PH FR 7AM-10.30PM,YES,0,0.0,N,1.263983946785812,103.85114461130318
778,H12,BLK 1/5 DELTA AVENUE,SURFACE CAR PARK,ELECTRONIC PARKING,WHOLE DAY,SUN & PH FR 7AM-10.30PM,YES,0,4.5,N,1.2635486316646287,103.85567071117569
779,H14,BLK 96 HAVELOCK ROAD MSCP,MULTI-STOREY CAR PARK,ELECTRONIC PARKING,WHOLE DAY,SUN & PH FR 7AM-10.30PM,YES,10,1.9,N,1.2686375853126177,103.85221112566842
780,H15,BLK 568 GANGES AVENUE,SURFACE CAR PARK,COUPON PARKING,WHOLE DAY,SUN & PH FR 7AM-10.30PM,YES,0,0.0,N,1.2670865857245592,103.85387514810714
781,H17,BLK 28A BEO CRESCENT,MULTI-STOREY CAR PARK,ELECTRONIC PARKING,WHOLE DAY,SUN & PH FR 7AM-10.30PM,YES,5,2.0,N,1.2639996125180204,103.85186947278665
782,H18,BLK 44A HAVELOCK ROAD,MULTI-STOREY CAR PARK,ELECTRONIC PARKING,WHOLE DAY,SUN & PH FR 7AM-10.30PM,YES,6,2.15,N,1.2631156259015512,103.85268605070586
783,H3,BLK 87 ZION ROAD,SURFACE CAR PARK,ELECTRONIC PARKING,WHOLE DAY,NO,YES,0,2.4,N,1.2686880376051133,103.8546920135123
784,H3BL,"BLK 991A TO 991B,992A TO 992B BUANGKOK LINK",SURFACE CAR PARK,ELECTRONIC PARKING,NO,NO,NO,0,0.0,N,1.3187305120805028,103.94755512091187
785,H3DL,"BLK 998A TO 998B,999A TO 999B BUANGKOK CRESCENT",SURFACE CAR PARK,ELECTRONIC PARKING,NO,NO,NO,0,0.0,N,1.316605067115028,103.94815293126321
786,H4,BLK 22 HAVELOCK ROAD,SURFACE CAR PARK,ELECTRONIC PARKING,WHOLE DAY,SUN & PH FR 7AM-10.30PM,YES,0,0.0,N,1.265523728536101,103.85179599708333
787,H42A,"BLK 644,645,652,655 HOUGANG AVENUE 8",SURFACE CAR PARK,COUPON PARKING,WHOLE DAY,SUN & PH FR 7AM-10.30PM,YES,0,4.5,N,1.318669167570651,103.93582284994143
788,H6,BLK 77/79 GANGES AVENUE,SURFACE CAR PARK,ELECTRONIC PARKING,WHOLE DAY,SUN & PH FR 7AM-10.30PM,YES,0,0.0,N,1.2651333765284134,103.85505063736034
789,H6M,BLK 78A INDUS ROAD,MULTI-STOREY CAR PARK,ELECTRONIC PARKING,WHOLE DAY,SUN & PH FR 7AM-10.30PM,YES,5,2.15,N,1.2640661420344543,103.85490724787459
790,H8,BLKS 4-8 TAMAN HO SWEE,SURFACE CAR PARK,ELECTRONIC PARKING,WHOLE DAY,SUN & PH FR 7AM-10.30PM,YES,0,4.5,N,1.2670845149810601,103.8514314407466
791,H87L,BLK 950 TO 976 HOUGANG AVENUE 9 /STREET 91,SURFACE CAR PARK,COUPON PARKING,NO,NO,NO,0,0.0,N,1.3150635914223052,103.94161841907021
792,H93L,"BLK 978C TO 981D, 982, 987A TO 988C BUANGKOK CRESCENT/GREEN",SURFACE CAR PARK,ELECTRONIC PARKING,NO,NO,NO,0,0.0,N,1.3171983123935394,103.94291369566676
793,JBM,BLK 134A JALAN BUKIT MERAH,MULTI-STOREY CAR PARK,ELECTRONIC PARKING,WHOLE DAY,SUN & PH FR 7AM-10.30PM,YES,11,1.9,N,1.263326779844636,103.8430220149609
794,JBM2,BLK 113A JALAN BUKIT MERAH,MULTI-STOREY CAR PARK,ELECTRONIC PARKING,WHOLE DAY,SUN & PH FR 7AM-10.30PM,YES,10,2.15,N,1.2614054443056446,103.84399712304976
795,JB1,"BLK 3-5,7,8,4A JALAN BATU",SURFACE CAR PARK,ELECTRONIC PARKING,7AM-10.30PM,NO,NO,0,4.5,N,1.3192847033753934,103.86601282782561
796,JB2,BLK 10-11 JALAN BATU,SURFACE CAR PARK,ELECTRONIC PARKING,7AM-10.30PM,NO,NO,0,0.0,N,1.3194962189619903,103.865243592059
797,JB3,"BLK 6,12,14 KAMPONG ARANG ROAD",SURFACE CAR PARK,ELECTRONIC PARKING,7AM-10.30PM,NO,NO,0,0.0,N,1.3207963201696762,103.86414815388639
798,JB4,"BLK 1,2,9 KAMPONG KAYU",SURFACE CAR PARK,ELECTRONIC PARKING,WHOLE DAY,SUN & PH FR 7AM-10.30PM,YES,0,0.0,N,1.31966938932229,103.86708728522675
799,JCM,BLK 2 JOO CHIAT ROAD,MULTI-STOREY CAR PARK,ELECTRONIC PARKING,WHOLE DAY,NO,YES,7,1.9,N,1.3354576493605324,103.87878201945006
800,JCML,BLK 2 JOO CHIAT ROAD,SURFACE CAR PARK,ELECTRONIC PARKING,NO,NO,NO,0,0.0,N,1.3352347959184383,103.87868476359591
801,JKM,BLK 8A JALAN KUKOH MSCP,MULTI-STOREY CAR PARK,ELECTRONIC PARKING,WHOLE DAY,SUN & PH FR 7AM-10.30PM,YES,3,1.98,N,1.27518772145731,103.85096441464002
802,JKS,BLK 1 JALAN KUKOH CAR PARK,SURFACE CAR PARK,ELECTRONIC PARKING,WHOLE DAY,SUN & PH FR 7AM-10.30PM,YES,0,0.0,N,1.2758592747736004,103.8518663459027
803,JMB1,BLK 117A JALAN MEMBINA,MULTI-STOREY CAR PARK,ELECTRONIC PARKING,WHOLE DAY,SUN & PH FR 7AM-10.30PM,YES,14,2.15,N,1.2631546343894025,103.84567670331919
804,JMB2,BLK 18A JALAN MEMBINA,MULTI-STOREY CAR PARK,ELECTRONIC PARKING,WHOLE DAY,SUN & PH FR 7AM-10.30PM,YES,14,2.15,N,1.262931239070887,103.84885631433833
805,JMB3,BLK 26 JALAN MEMBINA,MULTI-STOREY CAR PARK,ELECTRONIC PARKING,WHOLE DAY,SUN & PH FR 7AM-10.30PM,YES,13,2.15,N,1.2617264126666394,103.8463338332215
806,JMS,BLK 4/5/6 JALAN MINYAK CAR PARK,SURFACE CAR PARK,COUPON PARKING,7AM-10.30PM,SUN & PH FR 7AM-10.30PM,NO,0,0.0,N,1.2750187543001863,103.85175357269586
807,JM1,BLK 517B JURONG WEST STREET 52,MULTI-STOREY CAR PARK,ELECTRONIC PARKING,WHOLE DAY,SUN & PH FR 7AM-10.30PM,YES,10,2.15,N,1.1560995080366905,103.90840479850296
808,JM10,BLK 648 JURONG WEST STREET 61,MULTI-STOREY CAR PARK,ELECTRONIC PARKING,WHOLE DAY,SUN & PH FR 7AM-10.30PM,YES,12,2.15,N,1.1325854438274727,103.90232327252447
809,JM11,BLK 686 JURONG WEST CENTRAL 1,MULTI-STOREY CAR PARK,ELECTRONIC PARKING,WHOLE DAY,SUN & PH FR 7AM-10.30PM,YES,6,2.15,N,1.139491377672247,103.90515268684358
810,JM12,BLK 624A JURONG WEST STREET 61,MULTI-STOREY CAR PARK,ELECTRONIC PARKING,WHOLE DAY,SUN & PH FR 7AM-10.30PM,YES,12,2.15,N,1.133741872766181,103.90448142272444
811,JM13,BLK 601A JURONG WEST STREET 62,MULTI-STOREY CAR PARK,ELECTRONIC PARKING,WHOLE DAY,SUN & PH FR 7AM-10.30PM,YES,19,2.15,N,1.135058813341028,103.90284207323015
812,JM14,BLK 635A JURONG WEST STREET 65,MULTI-STOREY CAR PARK,ELECTRONIC PARKING,WHOLE DAY,SUN & PH FR 7AM-10.30PM,YES,12,2.15,N,1.134077263763063,103.90575280598607
813,JM15,BLK 617A JURONG WEST STREET 65,MULTI-STOREY CAR PARK,ELECTRONIC PARKING,WHOLE DAY,SUN & PH FR 7AM-10.30PM,YES,12,2.15,N,1.1353985453158137,103.90425073819657
814,JM16,BLK 659 JURONG WEST STREET 65,MULTI-STOREY CAR PARK,ELECTRONIC PARKING,WHOLE DAY,SUN & PH FR 7AM-10.30PM,YES,12,2.15,N,1.1374522205451196,103.90060126187531
815,JM17,BLK 660 JURONG WEST STREET 64,MULTI-STOREY CAR PARK,ELECTRONIC PARKING,WHOLE DAY,SUN & PH FR 7AM-10.30PM,YES,12,2.15,N,1.1394279560546419,103.89871181131623
816,JM18,BLK 629A JURONG WEST STREET 65,MULTI-STOREY CAR PARK,ELECTRONIC PARKING,WHOLE DAY,SUN & PH FR 7AM-10.30PM,YES,12,2.15,N,1.1348418542823133,103.90634486765454
817,JM19,BLK 273 JURONG WEST AVENUE 3,MULTI-STOREY CAR PARK,ELECTRONIC PARKING,WHOLE DAY,SUN & PH FR 7AM-10.30PM,YES,13,2.15,N,1.138155256889793,103.9152635530197
818,JM2,BLK 682 JURONG WEST CENTRAL 1,MULTI-STOREY CAR PARK,ELECTRONIC PARKING,WHOLE DAY,SUN & PH FR 7AM-10.30PM,YES,10,2.15,N,1.1403113485084362,103.90727753036775
819,JM20,BLK 657 JURONG WEST STREET 65,MULTI-STOREY CAR PARK,ELECTRONIC PARKING,WHOLE DAY,SUN & PH FR 7AM-10.30PM,YES,14,2.15,N,1.1362780593112372,103.89877475691364
820,JM21,BLK 651 JURONG WEST STREET 61,MULTI-STOREY CAR PARK,ELECTRONIC PARKING,WHOLE DAY,SUN & PH FR 7AM-10.30PM,YES,12,2.15,N,1.1324751435062121,103.9004613348107
821,JM22,BLK 674 JURONG WEST STREET 65,MULTI-STOREY CAR PARK,ELECTRONIC PARKING,WHOLE DAY,SUN & PH FR 7AM-10.30PM,YES,12,2.15,N,1.137924187966893,103.90808531852944
822,JM23,BLK 276 JURONG WEST STREET 25,MULTI-STOREY CAR PARK,ELECTRONIC PARKING,WHOLE DAY,SUN & PH FR 7AM-10.30PM,YES,12,2.15,N,1.1391277988239443,103.91684220891034
823,JM24,BLK 655 JURONG WEST STREET 61,MULTI-STOREY CAR PARK,ELECTRONIC PARKING,WHOLE DAY,SUN & PH FR 7AM-10.30PM,YES,12,2.15,N,1.1333626914019448,103.89868582900608
824,JM25,BLK 673 JURONG WEST STREET 65,MULTI-STOREY CAR PARK,ELECTRONIC PARKING,WHOLE DAY,SUN & PH FR 7AM-10.30PM,YES,12,2.15,N,1.135947921073121,103.90764340024376
825,JM26,BLK 675 JURONG WEST STREET 64,MULTI-STOREY CAR PARK,ELECTRONIC PARKING,WHOLE DAY,SUN & PH FR 7AM-10.30PM,YES,11,2.15,N,1.1384697075656958,103.908903959118
826,JM27,BLK 676 JURONG WEST STREET 64,MULTI-STOREY CAR PARK,ELECTRONIC PARKING,WHOLE DAY,SUN & PH FR 7AM-10.30PM,YES,11,2.15,N,1.1399298209789912,103.90963138681695
827,JM28,BLK 990 JURONG WEST STREET 93,MULTI-STOREY CAR PARK,ELECTRONIC PARKING,WHOLE DAY,SUN & PH FR 7AM-10.30PM,YES,13,2.1,N,1.1309753405506104,103.8987253872167
828,JM29,BLK 986 JURONG WEST STREET 93,MULTI-STOREY CAR PARK,ELECTRONIC PARKING,WHOLE DAY,SUN & PH FR 7AM-10.30PM,YES,14,2.1,N,1.129784469288178,103.90039237152118
829,JM3,BLK 679 JURONG WEST CENTRAL 1,MULTI-STOREY CAR PARK,ELECTRONIC PARKING,WHOLE DAY,SUN & PH FR 7AM-10.30PM,YES,12,2.15,N,1.1414217274068117,103.90792676562997
830,JM30,BLK 271 JURONG WEST STREET 24,MULTI-STOREY CAR PARK,ELECTRONIC PARKING,WHOLE DAY,SUN & PH FR 7AM-10.30PM,YES,10,2.15,N,1.1392257599716984,103.91379853381315
831,JM31,BLK 638A JURONG WEST STREET 61,MULTI-STOREY CAR PARK,ELECTRONIC PARKING,WHOLE DAY,NO,YES,8,2.15,N,1.132882359200844,103.90536779172913
832,JM32,697 JURONG WEST CENTRAL 3,MULTI-STOREY CAR PARK,ELECTRONIC PARKING,WHOLE DAY,NO,YES,16,2.15,N,1.1434486819479235,103.90495700264857
833,JM33,BLK 991 UPPER JURONG ROAD,MULTI-STOREY CAR PARK,ELECTRONIC PARKING,WHOLE DAY,NO,YES,4,2.15,N,1.1277090190456704,103.89907664351895
834,JM4,BLK 684 JURONG WEST STREET 64,MULTI-STOREY CAR PARK,ELECTRONIC PARKING,WHOLE DAY,SUN & PH FR 7AM-10.30PM,YES,13,2.15,N,1.1392536876904586,103.90778062507837
835,JM5,BLK 664 JURONG WEST STREET 64,MULTI-STOREY CAR PARK,ELECTRONIC PARKING,WHOLE DAY,SUN & PH FR 7AM-10.30PM,YES,13,2.15,N,1.1384784955889715,103.90285605734819
836,JM6,BLK 663 JURONG WEST STREET 65,MULTI-STOREY CAR PARK,ELECTRONIC PARKING,WHOLE DAY,SUN & PH FR 7AM-10.30PM,YES,13,2.15,N,1.1370919664208328,103.90258659205273
837,JM7,BLK 669 JURONG WEST STREET 64,MULTI-STOREY CAR PARK,ELECTRONIC PARKING,WHOLE DAY,SUN & PH FR 7AM-10.30PM,YES,12,2.1,N,1.1383415134665267,103.9058373828731
838,JM8,BLK 667 JURONG WEST STREET 65,MULTI-STOREY CAR PARK,ELECTRONIC PARKING,WHOLE DAY,SUN & PH FR 7AM-10.30PM,YES,12,2.1,N,1.1368279023034833,103.90470316109479
839,JM9,BLK 650 JURONG WEST STREET 61,MULTI-STOREY CAR PARK,ELECTRONIC PARKING,WHOLE DAY,SUN & PH FR 7AM-10.30PM,YES,12,2.15,N,1.1321128113213899,103.90203570089403
840,JRM,BLK 814 JELLICOE ROAD,MULTI-STOREY CAR PARK,ELECTRONIC PARKING,WHOLE DAY,SUN & PH FR 7AM-10.30PM,YES,12,2.15,N,1.2982166167952487,103.87074675726817
841,JRTM,BLK 37A JALAN RUMAH TINGGI,MULTI-STOREY CAR PARK,ELECTRONIC PARKING,WHOLE DAY,SUN & PH FR 7AM-10.30PM,YES,12,2.15,N,1.2463565753932893,103.85305262785151
842,JSA1,BLK 499 JURONG WEST STREET 41,SURFACE CAR PARK,ELECTRONIC PARKING,WHOLE DAY,SUN & PH FR 7AM-10.30PM,YES,0,4.5,N,1.1606915474870698,103.91173031646096
843,JSR2,BLK 686 JURONG WEST CENTRAL 1,SURFACE CAR PARK,ELECTRONIC PARKING,NO,NO,NO,0,4.5,N,1.1402749338351041,103.90662588067153
844,JS1L,BLK 692A JURONG WEST CENTRAL 3,SURFACE CAR PARK,ELECTRONIC PARKING,NO,NO,NO,0,4.5,N,1.1412761567302225,103.90443192335812
845,JS3L,BLK 624A JURONG WEST STREET 61,SURFACE CAR PARK,ELECTRONIC PARKING,NO,NO,NO,0,4.5,N,1.13391646869855,103.9050242637052
846,JS33,"BLK 991A/B, 992A/B, UPPER JURONG ROAD UPPER JURONG ROAD",SURFACE CAR PARK,ELECTRONIC PARKING,NO,NO,NO,0,4.5,N,1.128937467555484,103.8985486324324
847,JS4L,BLK 337 TAH CHING ROAD,SURFACE CAR PARK,ELECTRONIC PARKING,NO,SUN & PH FR 7AM-10.30PM,NO,0,4.5,N,1.1570736385810918,103.90108152541511
848,JS5L,BLK 647A JURONG WEST STREET 61,SURFACE CAR PARK,ELECTRONIC PARKING,NO,NO,NO,0,4.5,N,1.1322940616192543,103.90259707204055
849,J1,BLK 101/107 JURONG EAST STREET 13,SURFACE CAR PARK,ELECTRONIC PARKING,WHOLE DAY,NO,YES,0,5.4,N,1.1736600023476895,103.89981970712846
850,J10,BLK 246/249 JURONG EAST STREET 24,SURFACE CAR PARK,ELECTRONIC PARKING,WHOLE DAY,SUN & PH FR 7AM-10.30PM,YES,0,4.5,N,1.1756683635886682,103.9053704308203
851,J11,BLK 250/251 JURONG EAST STREET 24,SURFACE CAR PARK,ELECTRONIC PARKING,WHOLE DAY,SUN & PH FR 7AM-10.30PM,YES,0,0.0,N,1.1755113677219768,103.90626756526173
852,J12,BLK 252/254 JURONG EAST STREET 24,SURFACE CAR PARK,ELECTRONIC PARKING,WHOLE DAY,SUN & PH FR 7AM-10.30PM,YES,0,4.5,N,1.1738237894756693,103.90670797160254
853,J13,BLK 253 JURONG EAST STREET 24,SURFACE CAR PARK,ELECTRONIC PARKING,WHOLE DAY,SUN & PH FR 7AM-10.30PM,YES,0,4.5,N,1.1724743701510036,103.90688459889813
854,J14,BLK 256/258 JURONG EAST STREET 24,SURFACE CAR PARK,ELECTRONIC PARKING,WHOLE DAY,SUN & PH FR 7AM-10.30PM,YES,0,9.99,N,1.1746479993342982,103.90743413912115
855,J15,BLK 259/264 JURONG EAST STREET 24,SURFACE CAR PARK,ELECTRONIC PARKING,NO,SUN & PH FR 7AM-10.30PM,YES,0,4.5,N,1.1770012287066591,103.90738242045103
856,J16,BLK 301/304 JURONG EAST STREET 32,SURFACE CAR PARK,ELECTRONIC PARKING,WHOLE DAY,SUN & PH FR 7AM-10.30PM,YES,0,9.99,N,1.171189320845749,103.9077394333582
857,J17,BLK 305/306 JURONG EAST STREET 32,SURFACE CAR PARK,ELECTRONIC PARKING,WHOLE DAY,SUN & PH FR 7AM-10.30PM,YES,0,9.99,N,1.1710183339038327,103.90899921427469
858,J18,BLK 307/308 JURONG EAST STREET 32,SURFACE CAR PARK,ELECTRONIC PARKING,WHOLE DAY,SUN & PH FR 7AM-10.30PM,YES,0,9.99,N,1.1703859343860479,103.91021298009271
859,J19,BLK 309/310 JURONG EAST STREET 32,SURFACE CAR PARK,ELECTRONIC PARKING,7AM-10.30PM,SUN & PH FR 7AM-10.30PM,NO,0,9.99,N,1.1694917684404098,103.91124131728262
860,J2,BLK 108/110 JURONG EAST STREET 13,SURFACE CAR PARK,ELECTRONIC PARKING,WHOLE DAY,SUN & PH FR 7AM-10.30PM,YES,0,9.99,N,1.1723245064707464,103.90198364721327
861,J20,BLK 311/316 JURONG EAST STREET 32,SURFACE CAR PARK,ELECTRONIC PARKING,WHOLE DAY,SUN & PH FR 7AM-10.30PM,YES,0,4.5,N,1.1680019984384202,103.90953054678883
862,J21,BLK 317/328 JURONG EAST STREET 31,SURFACE CAR PARK,ELECTRONIC PARKING,7AM-10.30PM,SUN & PH FR 7AM-10.30PM,NO,0,4.5,N,1.1653782014821044,103.912372330794
863,J21A,BLK 318A JURONG EAST AVENUE 1,SURFACE CAR PARK,COUPON PARKING,7AM-10.30PM,NO,NO,0,0.0,N,1.1665392021036534,103.91076936384302
864,J22,BLK 329/333 JURONG EAST AVENUE 1,SURFACE CAR PARK,ELECTRONIC PARKING,7AM-10.30PM,SUN & PH FR 7AM-10.30PM,NO,0,4.5,N,1.165709413345464,103.91461391920208
865,J23,BLK 334/341 JURONG EAST AVENUE 1,SURFACE CAR PARK,ELECTRONIC PARKING,7AM-10.30PM,SUN & PH FR 7AM-10.30PM,NO,0,4.5,N,1.1675385282007018,103.91333024027209
866,J23M,BLK 372A JURONG EAST STREET 32,MULTI-STOREY CAR PARK,ELECTRONIC PARKING,WHOLE DAY,SUN & PH FR 7AM-10.30PM,YES,8,2.15,N,1.1676566134205835,103.91232765177354
867,J24,BLK 342/346 JURONG EAST STREET 31,SURFACE CAR PARK,ELECTRONIC PARKING,WHOLE DAY,SUN & PH FR 7AM-10.30PM,YES,0,9.99,N,1.166577335281879,103.90906234079772
868,J25,BLK 347/350 JURONG EAST AVENUE 1,SURFACE CAR PARK,ELECTRONIC PARKING,WHOLE DAY,SUN & PH FR 7AM-10.30PM,YES,0,9.99,N,1.1671657971320128,103.9081993763469
869,J26,BLK 351/353 JURONG EAST STREET 31,SURFACE CAR PARK,ELECTRONIC PARKING,WHOLE DAY,SUN & PH FR 7AM-10.30PM,YES,0,9.99,N,1.1661102145078241,103.90825690811172
870,J27,BLK 521/524 JURONG WEST STREET 52,SURFACE CAR PARK,ELECTRONIC PARKING,WHOLE DAY,SUN & PH FR 7AM-10.30PM,YES,0,4.5,N,1.1520928313873913,103.91020988922547
871,J28,BLK 525/527 JURONG WEST STREET 52,SURFACE CAR PARK,ELECTRONIC PARKING,WHOLE DAY,SUN & PH FR 7AM-10.30PM,YES,0,4.5,N,1.1519204886765315,103.91089470568507
872,J29,BLK 528/534 JURONG WEST STREET 52,SURFACE CAR PARK,ELECTRONIC PARKING,WHOLE DAY,SUN & PH FR 7AM-10.30PM,YES,0,4.5,N,1.1523434187481516,103.91193742769187
873,J3,BLK 111/116 JURONG EAST STREET 13,SURFACE CAR PARK,ELECTRONIC PARKING,WHOLE DAY,SUN & PH FR 7AM-10.30PM,YES,0,4.5,N,1.1710296708340624,103.90286499309019
874,J30,BLK 530/536 JURONG WEST STREET 52,SURFACE CAR PARK,ELECTRONIC PARKING,WHOLE DAY,SUN & PH FR 7AM-10.30PM,YES,0,4.5,N,1.150917908306761,103.91212414161835
875,J32,BLK 515/517 JURONG WEST STREET 52,SURFACE CAR PARK,ELECTRONIC PARKING,WHOLE DAY,SUN & PH FR 7AM-10.30PM,YES,0,4.5,N,1.155922916644609,103.90913614814512
876,J33,BLK 518/520 JURONG WEST STREET 52,SURFACE CAR PARK,ELECTRONIC PARKING,WHOLE DAY,SUN & PH FR 7AM-10.30PM,YES,0,4.5,N,1.153311112302876,103.90910423809187
877,J34,BLK 513/514 JURONG WEST STREET 52,SURFACE CAR PARK,ELECTRONIC PARKING,WHOLE DAY,SUN & PH FR 7AM-10.30PM,YES,0,4.5,N,1.1555312682652499,103.91038897809223
878,J35,BLK 508/511 JURONG WEST STREET 51/52,SURFACE CAR PARK,ELECTRONIC PARKING,WHOLE DAY,SUN & PH FR 7AM-10.30PM,YES,0,4.5,N,1.1549594666316843,103.91143167422328
879,J36,BLK 543/551 JURONG WEST STREET 42,SURFACE CAR PARK,ELECTRONIC PARKING,WHOLE DAY,SUN & PH FR 7AM-10.30PM,YES,0,9.99,N,1.1508721657770342,103.91546020975211
880,J37,BLK 537/542 JURONG WEST AVENUE 1,SURFACE CAR PARK,ELECTRONIC PARKING,WHOLE DAY,SUN & PH FR 7AM-10.30PM,YES,0,4.5,N,1.1512197301531844,103.91458992802711
881,J38,BLK 505/508 JURONG WEST STREET 52,SURFACE CAR PARK,ELECTRONIC PARKING,WHOLE DAY,NO,YES,0,4.5,N,1.1540213376027024,103.91242613574532
882,J39,BLK 456-461 JURONG WEST STREET 41,SURFACE CAR PARK,ELECTRONIC PARKING,WHOLE DAY,SUN & PH FR 7AM-10.30PM,YES,0,4.5,N,1.1568012149682934,103.91345874661165
883,J4,BLK 201/206 JURONG EAST STREET 21,SURFACE CAR PARK,ELECTRONIC PARKING,WHOLE DAY,NO,YES,0,4.5,N,1.1774889435304432,103.90091296871353
884,J40,BLK 462-467 JURONG WEST STREET 41,SURFACE CAR PARK,ELECTRONIC PARKING,WHOLE DAY,SUN & PH FR 7AM-10.30PM,YES,0,4.5,N,1.1583420076354654,103.91333178194763
885,J41,BLK 468-473 JURONG WEST STREET 41,SURFACE CAR PARK,ELECTRONIC PARKING,WHOLE DAY,SUN & PH FR 7AM-10.30PM,YES,0,4.5,N,1.15749043024967,103.91160280904349
886,J42,BLK 474 JURONG WEST STREET 41,SURFACE CAR PARK,COUPON PARKING,NO,NO,NO,0,9.99,N,1.1590426449454896,103.91154385271797
887,J43,BLK 474-477 JURONG WEST STREET 41,SURFACE CAR PARK,ELECTRONIC PARKING,WHOLE DAY,SUN & PH FR 7AM-10.30PM,YES,0,4.5,N,1.16074754039224,103.91124051552201
888,J44,BLK 478-483 JURONG WEST STREET 41,SURFACE CAR PARK,ELECTRONIC PARKING,WHOLE DAY,SUN & PH FR 7AM-10.30PM,YES,0,4.5,N,1.1601114142436377,103.91017026911256
889,J45,BLK 484-491 JURONG WEST AVENUE 1,SURFACE CAR PARK,ELECTRONIC PARKING,WHOLE DAY,SUN & PH FR 7AM-10.30PM,YES,0,0.0,N,1.162274279678035,103.91229394118255
890,J46,BLK 501/504 JURONG WEST STREET 51,SURFACE CAR PARK,ELECTRONIC PARKING,WHOLE DAY,NO,YES,0,9.99,N,1.1544973033803394,103.9130580437721
891,J47,BLK 502/503 JURONG WEST AVENUE 1,SURFACE CAR PARK,ELECTRONIC PARKING,WHOLE DAY,NO,YES,0,4.5,N,1.1534530724292251,103.91355813692259
892,J48,BLK 441/455 JURONG WEST AVENUE 1/STREET 42,SURFACE CAR PARK,ELECTRONIC PARKING,WHOLE DAY,SUN & PH FR 7AM-10.30PM,YES,0,4.5,N,1.1539151808057353,103.91546099324017
893,J49,BLK 552/559 JURONG WEST STREET 42,SURFACE CAR PARK,ELECTRONIC PARKING,WHOLE DAY,SUN & PH FR 7AM-10.30PM,YES,0,9.99,N,1.1543877862465761,103.91673569245191
894,J49M,560 JURONG WEST STREET 42,MULTI-STOREY CAR PARK,ELECTRONIC PARKING,WHOLE DAY,SUN & PH FR 7AM-10.30PM,YES,12,2.15,N,1.1551189800177373,103.91706034295167
895,J5,BLK 207/208 JURONG EAST STREET 21,SURFACE CAR PARK,ELECTRONIC PARKING,WHOLE DAY,SUN & PH FR 7AM-10.30PM,YES,0,0.0,N,1.178007858991957,103.90169218571722
896,J50,BLK 401/408 JURONG WEST STREET 42,SURFACE CAR PARK,ELECTRONIC PARKING,WHOLE DAY,SUN & PH FR 7AM-10.30PM,YES,0,4.5,N,1.157982308839211,103.9169854113787
897,J51,BLK 409/416 JURONG WEST STREET 42,SURFACE CAR PARK,ELECTRONIC PARKING,WHOLE DAY,SUN & PH FR 7AM-10.30PM,YES,0,9.99,N,1.1601044948196673,103.91683522333979
898,J52,BLK 423/440 JURONG WEST AVENUE 1/STREET 42,SURFACE CAR PARK,ELECTRONIC PARKING,WHOLE DAY,SUN & PH FR 7AM-10.30PM,YES,0,9.99,N,1.160198380109069,103.91475349406642
899,J53,BLK 417/422 JURONG WEST STREET 42,SURFACE CAR PARK,ELECTRONIC PARKING,WHOLE DAY,SUN & PH FR 7AM-10.30PM,YES,0,4.5,N,1.1622148548858513,103.91403832490273
900,J54,BLK 492-496 JURONG WEST STREET 41,SURFACE CAR PARK,ELECTRONIC PARKING,WHOLE DAY,SUN & PH FR 7AM-10.30PM,YES,0,4.5,N,1.1599840993132156,103.91322926276429
901,J55,BLK 497-498 JURONG WEST STREET 41,SURFACE CAR PARK,ELECTRONIC PARKING,WHOLE DAY,SUN & PH FR 7AM-10.30PM,YES,0,4.5,N,1.1597636087487386,103.91194837147974
902,J56,BLK 130 JURONG GATEWAY ROAD,SURFACE CAR PARK,ELECTRONIC PARKING,WHOLE DAY,NO,YES,0,9.99,N,1.1748806455389225,103.89829257493815
903,J57,BLK 131/134 JURONG GATEWAY ROAD,SURFACE CAR PARK,ELECTRONIC PARKING,WHOLE DAY,NO,YES,0,9.99,N,1.1746881843428034,103.89738198785126
904,J57L,BLK 131 JURONG GATEWAY ROAD,SURFACE CAR PARK,ELECTRONIC PARKING,NO,NO,NO,0,9.99,N,1.1754310845330742,103.89787026631527
905,J58,BLK 132 JURONG GATEWAY ROAD,MULTI-STOREY CAR PARK,ELECTRONIC PARKING,WHOLE DAY,NO,YES,8,2.0,N,1.1752277911702727,103.89760747483928
906,J6,BLK 209/214 JURONG EAST STREET 21,SURFACE CAR PARK,ELECTRONIC PARKING,WHOLE DAY,SUN & PH FR 7AM-10.30PM,YES,0,4.5,N,1.1744180721054187,103.90244097382643
907,J60L,BLK 505 JURONG WEST STREET 52,SURFACE CAR PARK,ELECTRONIC PARKING,NO,NO,NO,0,4.5,N,1.1533035561502818,103.91305854065112
908,J60M,505A JURONG WEST STREET 52,MULTI-STOREY CAR PARK,ELECTRONIC PARKING,WHOLE DAY,NO,YES,13,2.15,N,1.1533325006640263,103.91266142813224
909,J61,BLK 912/932 JURONG WEST STREET 92,SURFACE CAR PARK,ELECTRONIC PARKING,WHOLE DAY,SUN & PH FR 7AM-10.30PM,YES,0,9.99,N,1.1236656376201248,103.90344434272338
910,J62,BLK 902/908 JURONG WEST STREET 91,SURFACE CAR PARK,ELECTRONIC PARKING,WHOLE DAY,SUN & PH FR 7AM-10.30PM,YES,0,9.99,N,1.120628893173794,103.90425217043362
911,J62M,BLK 901 JURONG WEST STREET 91,MULTI-STOREY CAR PARK,ELECTRONIC PARKING,WHOLE DAY,SUN & PH FR 7AM-10.30PM,YES,5,1.9,N,1.121784007368837,103.90324198049473
912,J63,BLK 909/911 JURONG WEST STREET 91,SURFACE CAR PARK,ELECTRONIC PARKING,WHOLE DAY,SUN & PH FR 7AM-10.30PM,YES,0,9.99,N,1.1216707645276287,103.90513583452551
913,J64,BLK 354 JURONG EAST AVENUE 1,MULTI-STOREY CAR PARK,ELECTRONIC PARKING,WHOLE DAY,SUN & PH FR 7AM-10.30PM,YES,10,1.9,N,1.1673738548476598,103.90781128296634
914,J65,BLK 933-953 JURONG WEST STREET 91,SURFACE CAR PARK,ELECTRONIC PARKING,WHOLE DAY,SUN & PH FR 7AM-10.30PM,YES,0,9.99,N,1.1245422851230196,103.90612051997054
915,J66,BLK 959-961 JURONG WEST STREET 92,SURFACE CAR PARK,ELECTRONIC PARKING,WHOLE DAY,SUN & PH FR 7AM-10.30PM,YES,0,9.99,N,1.1263871596918122,103.90465757545252
916,J67,BLK 962-966 JURONG WEST STREET 91,SURFACE CAR PARK,ELECTRONIC PARKING,WHOLE DAY,SUN & PH FR 7AM-10.30PM,YES,0,9.99,N,1.1280310882728093,103.90500122314093
917,J68M,BLK 962A JURONG WEST STREET 91,MULTI-STOREY CAR PARK,ELECTRONIC PARKING,WHOLE DAY,SUN & PH FR 7AM-10.30PM,YES,9,1.9,N,1.127185881859081,103.9054105164355
918,J69,BLK 974/980 JURONG WEST STREET 93,SURFACE CAR PARK,ELECTRONIC PARKING,WHOLE DAY,SUN & PH FR 7AM-10.30PM,YES,0,4.0,N,1.1289150904620278,103.90305731155135
919,J69M,BLK 967 JURONG WEST 91 JURONG WEST STREET 93,MULTI-STOREY CAR PARK,ELECTRONIC PARKING,WHOLE DAY,SUN & PH FR 7AM-10.30PM,YES,7,2.15,N,1.1286184989589318,103.9047032962916
920,J7,BLK 215A/231 JURONG EAST STREET 21,SURFACE CAR PARK,ELECTRONIC PARKING,WHOLE DAY,SUN & PH FR 7AM-10.30PM,YES,0,4.5,N,1.1735945384925701,103.90490071196027
921,J70,BLK 835/838 JURONG WEST STREET 81,SURFACE CAR PARK,ELECTRONIC PARKING,WHOLE DAY,SUN & PH FR 7AM-10.30PM,YES,0,4.5,N,1.1287824453583035,103.90703097566838
922,J71,BLK 812/826 JURONG WEST STREET 81,SURFACE CAR PARK,ELECTRONIC PARKING,WHOLE DAY,SUN & PH FR 7AM-10.30PM,YES,0,4.5,N,1.1294525099305412,103.9095550652052
923,J72,BLK 743/751 JURONG WEST STREET 73,SURFACE CAR PARK,ELECTRONIC PARKING,WHOLE DAY,SUN & PH FR 7AM-10.30PM,YES,0,9.99,N,1.1330349159633517,103.91058784417127
924,J73,BLK 719/731 JURONG WEST STREET 72,SURFACE CAR PARK,ELECTRONIC PARKING,WHOLE DAY,SUN & PH FR 7AM-10.30PM,YES,0,9.99,N,1.133526266087862,103.90733717826174
925,J74,BLK 711/718 JURONG WEST STREET 71,SURFACE CAR PARK,ELECTRONIC PARKING,WHOLE DAY,SUN & PH FR 7AM-10.30PM,YES,0,9.99,N,1.131402798753025,103.90601508297794
926,J74M,BLK 712B JURONG WEST ST 71 JURONG WEST STREET 71,MULTI-STOREY CAR PARK,ELECTRONIC PARKING,WHOLE DAY,NO,YES,5,2.15,N,1.1321491803897719,103.90619442374583
927,J75M,BLK 841A JURONG WEST STREET 81,MULTI-STOREY CAR PARK,ELECTRONIC PARKING,WHOLE DAY,SUN & PH FR 7AM-10.30PM,YES,10,1.9,N,1.1283885995021203,103.9075351457839
928,J76M,BLK 832A JURONG WEST STREET 81,MULTI-STOREY CAR PARK,ELECTRONIC PARKING,WHOLE DAY,SUN & PH FR 7AM-10.30PM,YES,11,1.9,N,1.129809500911601,103.90764431036845
929,J77M,BLK 750A JURONG WEST STREET 73,MULTI-STOREY CAR PARK,ELECTRONIC PARKING,WHOLE DAY,SUN & PH FR 7AM-10.30PM,YES,10,1.9,N,1.1338670880713775,103.9107648021101
930,J78M,BLK 702A JURONG WEST STREET 71,MULTI-STOREY CAR PARK,ELECTRONIC PARKING,WHOLE DAY,SUN & PH FR 7AM-10.30PM,YES,10,1.9,N,1.130407359605655,103.90492352077138
931,J79M,BLK 821A JURONG WEST STREET 81,MULTI-STOREY CAR PARK,ELECTRONIC PARKING,WHOLE DAY,SUN & PH FR 7AM-10.30PM,YES,11,2.0,N,1.1302218461689153,103.90982670180605
932,J8,BLK 232/240 JURONG EAST STREET 21,SURFACE CAR PARK,ELECTRONIC PARKING,WHOLE DAY,SUN & PH FR 7AM-10.30PM,YES,0,4.5,N,1.177158294697002,103.90379420555122
933,J8M,BLK 240C JURONG EAST AVENUE 1,MULTI-STOREY CAR PARK,ELECTRONIC PARKING,WHOLE DAY,SUN & PH FR 7AM-10.30PM,YES,10,2.15,N,1.1780162891791368,103.90400957585705
934,J80M,BLK 734A JURONG WEST STREET 73,MULTI-STOREY CAR PARK,ELECTRONIC PARKING,WHOLE DAY,SUN & PH FR 7AM-10.30PM,YES,11,2.0,N,1.1362914725123892,103.90887897834757
935,J81M,BLK 760A JURONG WEST STREET 74,MULTI-STOREY CAR PARK,ELECTRONIC PARKING,WHOLE DAY,SUN & PH FR 7AM-10.30PM,YES,11,1.9,N,1.135494298219425,103.91289685719298
936,J82M,BLK 844A JURONG WEST STREET 81,MULTI-STOREY CAR PARK,ELECTRONIC PARKING,WHOLE DAY,SUN & PH FR 7AM-10.30PM,YES,10,2.0,N,1.1277170385494808,103.90917993210593
937,J83M,BLK 865A JURONG WEST STREET 81,MULTI-STOREY CAR PARK,ELECTRONIC PARKING,WHOLE DAY,SUN & PH FR 7AM-10.30PM,YES,8,2.0,N,1.1303484048907575,103.91352210945153
938,J84M,BLK 854A JURONG WEST STREET 81,MULTI-STOREY CAR PARK,ELECTRONIC PARKING,WHOLE DAY,SUN & PH FR 7AM-10.30PM,YES,10,2.0,N,1.1317715825667949,103.91104230847245
939,J85M,BLK 859A JURONG WEST STREET 81,MULTI-STOREY CAR PARK,ELECTRONIC PARKING,WHOLE DAY,SUN & PH FR 7AM-10.30PM,YES,10,2.0,N,1.1315263913997475,103.91328019322005
940,J86M,BLK 764A JURONG WEST STREET 74,MULTI-STOREY CAR PARK,ELECTRONIC PARKING,WHOLE DAY,SUN & PH FR 7AM-10.30PM,YES,8,2.0,N,1.1344000659937958,103.91326529237418
941,J88M,BLK 692A JURONG WEST CENTRAL 1,MULTI-STOREY CAR PARK,ELECTRONIC PARKING,WHOLE DAY,NO,YES,12,2.15,N,1.1425683664073487,103.90503584417989
942,J89M,BLK 691A JURONG WEST CENTRAL 1,MULTI-STOREY CAR PARK,ELECTRONIC PARKING,WHOLE DAY,SUN & PH FR 7AM-10.30PM,YES,10,2.1,N,1.1412545505767353,103.90572743812238
943,J9,BLK 241/245 JURONG EAST STREET 24,SURFACE CAR PARK,ELECTRONIC PARKING,NO,SUN & PH FR 7AM-10.30PM,YES,0,4.5,N,1.1775879550001038,103.90547547553277
944,J90,BLK 274A TOH GUAN ROAD,MULTI-STOREY CAR PARK,ELECTRONIC PARKING,WHOLE DAY,SUN & PH FR 7AM-10.30PM,YES,12,2.15,N,1.183082402688957,103.90490384817774
945,J91,BLK 287E JURONG EAST STREET 21,MULTI-STOREY CAR PARK,ELECTRONIC PARKING,WHOLE DAY,SUN & PH FR 7AM-10.30PM,YES,12,2.15,N,1.1797056297035644,103.90091994601414
946,J92,BLK 285E TOH GUAN ROAD,MULTI-STOREY CAR PARK,ELECTRONIC PARKING,WHOLE DAY,SUN & PH FR 7AM-10.30PM,YES,12,2.15,N,1.1824747522853465,103.90094032630273
947,J93,BLK 286E TOH GUAN ROAD,MULTI-STOREY CAR PARK,ELECTRONIC PARKING,WHOLE DAY,SUN & PH FR 7AM-10.30PM,YES,12,2.15,N,1.180747456031387,103.9026127206309
948,J94,BLK 288F JURONG EAST STREET 21,MULTI-STOREY CAR PARK,ELECTRONIC PARKING,WHOLE DAY,SUN & PH FR 7AM-10.30PM,YES,12,2.15,N,1.1787606544284668,103.90306103820816
949,J95,BLK 282A TOH GUAN ROAD,MULTI-STOREY CAR PARK,ELECTRONIC PARKING,WHOLE DAY,SUN & PH FR 7AM-10.30PM,YES,12,2.15,N,1.1827067601094285,103.903466388223
950,J96,BLK 267A TOH GUAN ROAD,MULTI-STOREY CAR PARK,ELECTRONIC PARKING,WHOLE DAY,SUN & PH FR 7AM-10.30PM,YES,12,2.15,N,1.1805644525700807,103.90487548624017
951,J97,BLK 273A TOH GUAN ROAD,MULTI-STOREY CAR PARK,ELECTRONIC PARKING,WHOLE DAY,SUN & PH FR 7AM-10.30PM,YES,12,2.15,N,1.1815589082436855,103.90575253546496
952,J98M,BLK 647A JURONG WEST STREET 61,MULTI-STOREY CAR PARK,ELECTRONIC PARKING,WHOLE DAY,SUN & PH FR 7AM-10.30PM,YES,10,2.15,N,1.1321522040549152,103.90314801844043
953,J99M,BLK 640A JURONG WEST STREET 61,MULTI-STOREY CAR PARK,ELECTRONIC PARKING,WHOLE DAY,SUN & PH FR 7AM-10.30PM,YES,10,2.15,N,1.1313329406605002,103.90310284081488
954,KAB,BLK 334 KRETA AYER BASEMENT CAR PARK,BASEMENT CAR PARK,ELECTRONIC PARKING,WHOLE DAY,NO,YES,1,2.1,Y,1.2786246062023925,103.84545028331209
955,KAM,BLK 335 KRETA AYER MSCP,MULTI-STOREY CAR PARK,ELECTRONIC PARKING,WHOLE DAY,NO,YES,2,1.9,N,1.2795420561104083,103.84569691018864
956,KAML,BLK 335 KRETA AYER (LUB),SURFACE CAR PARK,ELECTRONIC PARKING,NO,NO,NO,0,1.9,N,1.2795000257248885,103.84606951564324
957,KAS,BLK 333 KRETA AYER CAR PARK,SURFACE CAR PARK,ELECTRONIC PARKING,WHOLE DAY,NO,YES,0,0.0,N,1.2790121868502735,103.84432278662611
958,KBM,BLK 65A KALLANG BAHRU,MULTI-STOREY CAR PARK,ELECTRONIC PARKING,WHOLE DAY,SUN & PH FR 7AM-10.30PM,YES,12,2.15,N,1.3055337191535779,103.88373513133662
959,KB1,BLK 61-62/68 GEYLANG BAHRU ROAD,SURFACE CAR PARK,ELECTRONIC PARKING,NO,SUN & PH FR 7AM-10.30PM,YES,0,4.5,N,1.305307819495455,103.88704798968654
960,KB10,BLK 30 BENDEMEER ROAD,SURFACE CAR PARK,ELECTRONIC PARKING,7AM-10.30PM,SUN & PH FR 7AM-10.30PM,NO,0,4.5,N,1.299965911898522,103.88240756113483
961,KB11,BLK 34 WHAMPOA WEST,SURFACE CAR PARK,ELECTRONIC PARKING,WHOLE DAY,SUN & PH FR 7AM-10.30PM,YES,0,4.5,N,1.3000961325135125,103.88407613510783
962,KB12,BLK 22/24 SERANGOON ROAD,SURFACE CAR PARK,ELECTRONIC PARKING,WHOLE DAY,SUN & PH FR 7AM-10.30PM,YES,0,4.5,N,1.2979470173586407,103.88260908895911
963,KB14,BLK 66/71 KALLANG BAHRU,SURFACE CAR PARK,ELECTRONIC PARKING,WHOLE DAY,SUN & PH FR 7AM-10.30PM,YES,0,4.5,N,1.3064770236071963,103.88405153300428
964,KB17,BLK 23 BENDEMEER ROAD,SURFACE CAR PARK,ELECTRONIC PARKING,WHOLE DAY,SUN & PH FR 7AM-10.30PM,YES,0,4.5,N,1.2992791486222832,103.88117633084478
965,KB18,BLK 45-48 BENDEMEER ROAD,SURFACE CAR PARK,ELECTRONIC PARKING,NO,NO,NO,0,4.5,N,1.3021205910397808,103.88618317555125
966,KB20,BLK 49A WHAMPOA SOUTH,MULTI-STOREY CAR PARK,ELECTRONIC PARKING,WHOLE DAY,SUN & PH FR 7AM-10.30PM,YES,12,2.0,N,1.3028342209163224,103.88722264506832
967,KB3,BLK 64/65/67 KALLANG BAHRU,SURFACE CAR PARK,ELECTRONIC PARKING,WHOLE DAY,SUN & PH FR 7AM-10.30PM,YES,0,4.5,N,1.3060676304615773,103.88432010942226
968,KB4,BLK 72/93/97 GEYLANG BAHRU,SURFACE CAR PARK,ELECTRONIC PARKING,WHOLE DAY,SUN & PH FR 7AM-10.30PM,YES,0,4.5,N,1.3071020896384264,103.88660726435626
969,KB6,BLK 74/92 GEYLANG BAHRU,SURFACE CAR PARK,COUPON PARKING,WHOLE DAY,SUN & PH FR 7AM-10.30PM,YES,0,0.0,N,1.3104713258912366,103.883708996728
970,KB7,BLK 69 GEYLANG BAHRU,SURFACE CAR PARK,ELECTRONIC PARKING,WHOLE DAY,SUN & PH FR 7AM-10.30PM,YES,0,4.5,N,1.306896168305371,103.88507301064878
971,KEM1,BLK 671 KLANG LANE,MULTI-STOREY CAR PARK,ELECTRONIC PARKING,WHOLE DAY,NO,YES,10,2.15,N,1.288816197416275,103.87248493587079
972,KE1,BLK 101/121 BEDOK RESERVOIR ROAD,SURFACE CAR PARK,ELECTRONIC PARKING,WHOLE DAY,SUN & PH FR 7AM-10.30PM,YES,0,4.5,N,1.345572016302866,103.89318928049408
973,KE2,BLK 122/126 BEDOK RESERVOIR ROAD,SURFACE CAR PARK,ELECTRONIC PARKING,WHOLE DAY,SUN & PH FR 7AM-10.30PM,YES,0,0.0,N,1.347089794561346,103.8959241719381
974,KE3,"BLK 127/135, 141/151 BEDOK RESERVOIR ROAD",SURFACE CAR PARK,ELECTRONIC PARKING,WHOLE DAY,SUN & PH FR 7AM-10.30PM,YES,0,4.5,N,1.3486450026195116,103.89731932886029
975,KE3M,BLK 145A BEDOK RESERVOIR ROAD,MULTI-STOREY CAR PARK,ELECTRONIC PARKING,WHOLE DAY,NO,YES,4,2.15,N,1.3480919323307872,103.89743039821902
976,KE4,BLK 136/140 BEDOK RESERVOIR ROAD,SURFACE CAR PARK,ELECTRONIC PARKING,WHOLE DAY,SUN & PH FR 7AM-10.30PM,YES,0,0.0,N,1.3499398636084332,103.89707873485834
977,KJML,BLK 14A FARRER PARK ROAD,SURFACE CAR PARK,ELECTRONIC PARKING,NO,NO,NO,0,0.0,N,1.2879024215019717,103.87576782599996
978,KJM1,BLK 37A CAMBRIDGE ROAD,MULTI-STOREY CAR PARK,ELECTRONIC PARKING,WHOLE DAY,SUN & PH FR 7AM-10.30PM,YES,12,2.15,N,1.285073600211019,103.87961559944273
979,KJM2,BLK 14A FARRER PARK ROAD,MULTI-STOREY CAR PARK,ELECTRONIC PARKING,WHOLE DAY,NO,YES,12,2.15,N,1.288346059300794,103.87522978628833
980,KJ1,BLK 9/10 GLOUCESTER ROAD,SURFACE CAR PARK,ELECTRONIC PARKING,WHOLE DAY,NO,YES,0,0.0,N,1.2883399780317748,103.8771716888953
981,KJ2,BLK 49/50 DORSET ROAD,SURFACE CAR PARK,ELECTRONIC PARKING,WHOLE DAY,NO,YES,0,0.0,N,1.2869699074520746,103.87679094413707
982,KJ3,BLK 48/48A DURHAM ROAD,SURFACE CAR PARK,ELECTRONIC PARKING,WHOLE DAY,SUN & PH FR 7AM-10.30PM,YES,0,0.0,N,1.2862156787074637,103.87795931358889
983,KJ4,BLK 51/54 KENT ROAD,SURFACE CAR PARK,ELECTRONIC PARKING,WHOLE DAY,SUN & PH FR 7AM-10.30PM,YES,0,0.0,N,1.2877651774186551,103.88010573074935
984,KLM,BLK 31 KELANTAN LANE MSCP,MULTI-STOREY CAR PARK,ELECTRONIC PARKING,WHOLE DAY,SUN & PH FR 7AM-10.30PM,YES,7,1.8,N,1.2931305672725255,103.8698524056321
985,KM1,BLK 56A CASSIA CRESCENT,MULTI-STOREY CAR PARK,ELECTRONIC PARKING,WHOLE DAY,SUN & PH FR 7AM-10.30PM,YES,12,2.0,N,1.3204515016316587,103.87367362793374
986,KM2,BLK 93A JALAN DUA,MULTI-STOREY CAR PARK,ELECTRONIC PARKING,WHOLE DAY,SUN & PH FR 7AM-10.30PM,YES,9,2.0,N,1.3242670049093748,103.87234106646571
987,KM3,BLK 11A PINE CLOSE,MULTI-STOREY CAR PARK,ELECTRONIC PARKING,WHOLE DAY,SUN & PH FR 7AM-10.30PM,YES,12,2.15,N,1.3194453973386882,103.87207576481374
988,KM4,BLK 49A JALAN TIGA,MULTI-STOREY CAR PARK,ELECTRONIC PARKING,WHOLE DAY,NO,YES,14,2.15,N,1.3218773981027854,103.87206449957861
989,KM5,BLK 37 PINE LANE,MULTI-STOREY CAR PARK,COUPON PARKING,7AM-10.30PM,NO,NO,4,2.15,N,1.322064831750972,103.87355924034897
990,KM6,BLK 91 JALAN SATU,MULTI-STOREY CAR PARK,COUPON PARKING,WHOLE DAY,NO,YES,7,2.15,N,1.3246472229882802,103.87303480340996
991,KRM,BLK 115 JALAN AYER,MULTI-STOREY CAR PARK,ELECTRONIC PARKING,NO,NO,YES,6,2.1,N,1.3097786505674502,103.87494547293343
992,KTM,BLK 125A KIM TIAN ROAD,MULTI-STOREY CAR PARK,ELECTRONIC PARKING,7AM-10.30PM,SUN & PH FR 7AM-10.30PM,NO,10,1.9,N,1.2647986956539425,103.84680388173618
993,KTM2,BLK 120B KIM TIAN PLACE,MULTI-STOREY CAR PARK,ELECTRONIC PARKING,WHOLE DAY,SUN & PH FR 7AM-10.30PM,YES,14,2.15,N,1.2636162228275638,103.84717854294757
994,KTM3,BLK 131A KIM TIAN ROAD,MULTI-STOREY CAR PARK,ELECTRONIC PARKING,WHOLE DAY,SUN & PH FR 7AM-10.30PM,YES,13,2.15,N,1.2647956919811023,103.84438960517936
995,KTM4,BLK 119A KIM TIAN ROAD,MULTI-STOREY CAR PARK,ELECTRONIC PARKING,WHOLE DAY,SUN & PH FR 7AM-10.30PM,YES,5,2.15,N,1.2634362150816303,103.84522618237499
996,KTM5,BLK 126 KIM TIAN ROAD,MULTI-STOREY CAR PARK,ELECTRONIC PARKING,WHOLE DAY,SUN & PH FR 7AM-10.30PM,YES,10,2.15,N,1.2656143217057159,103.84626708346256
997,KTM6,BLK 127 KIM TIAN ROAD,MULTI-STOREY CAR PARK,ELECTRONIC PARKING,WHOLE DAY,SUN & PH FR 7AM-10.30PM,YES,6,2.15,N,1.2653949630963242,103.84559877515373
998,KUM1,BLK 355 UBI ROAD 3,MULTI-STOREY CAR PARK,COUPON PARKING,WHOLE DAY,NO,YES,13,2.15,N,1.3356944475280272,103.89067031882128
999,KUM2,BLK 357 UBI ROAD 3,MULTI-STOREY CAR PARK,COUPON PARKING,WHOLE DAY,NO,YES,12,2.15,N,1.3353485674546792,103.8924783561796
1000,KU1,BLK 301/305-306/311-318 UBI AVENUE 1,SURFACE CAR PARK,ELECTRONIC PARKING,WHOLE DAY,SUN & PH FR 7AM-10.30PM,YES,0,4.5,N,1.3397121092609707,103.89293319428927
1001,KU2,BLK 319-330 UBI AVENUE 1,SURFACE CAR PARK,ELECTRONIC PARKING,WHOLE DAY,SUN & PH FR 7AM-10.30PM,YES,0,0.0,N,1.340981725367492,103.89112314924837
1002,KU3,BLK 331-341 UBI AVENUE 1,SURFACE CAR PARK,ELECTRONIC PARKING,7AM-10.30PM,SUN & PH FR 7AM-10.30PM,NO,0,4.5,N,1.3390759285189766,103.88987897654117
1003,KU4,BLK 342-352 UBI AVENUE 1,SURFACE CAR PARK,ELECTRONIC PARKING,7AM-10.30PM,SUN & PH FR 7AM-10.30PM,NO,0,4.5,N,1.3366602516791672,103.88901770397759
1004,KU5,"BLK 3004-3007,3014,3015 UBI ROAD 1",SURFACE CAR PARK,COUPON PARKING,7AM-10.30PM,SUN & PH FR 7AM-10.30PM,NO,0,0.0,N,1.3299254987804763,103.89387561138014
1005,KU9,"BLK 302,304 UBI AVENUE 1",SURFACE CAR PARK,ELECTRONIC PARKING,WHOLE DAY,SUN & PH FR 7AM-10.30PM,YES,0,0.0,N,1.3377051906242645,103.89334321267715
1006,K10,"BLK 28,30,32,34,36 CASSIA CRESCENT",SURFACE CAR PARK,ELECTRONIC PARKING,7AM-10.30PM,NO,NO,0,0.0,N,1.3209248806982008,103.87298134688369
1007,K19,BLK 62 DAKOTA CRESCENT,SURFACE CAR PARK,ELECTRONIC PARKING,7AM-10.30PM,SUN & PH FR 7AM-10.30PM,NO,0,0.0,N,1.3258437476554095,103.8714384351947
1008,K2,"BLK 9,10,12 PINE CLOSE",SURFACE CAR PARK,ELECTRONIC PARKING,7AM-10.30PM,NO,NO,0,0.0,N,1.3188463924341025,103.87230674708603
1009,K2T,BLK 21 JALAN EMPAT,SURFACE CAR PARK,ELECTRONIC PARKING,WHOLE DAY,NO,YES,0,0.0,N,1.3200464790403548,103.87111602987483
1010,K21,BLK 58 DAKOTA CRESCENT,SURFACE CAR PARK,COUPON PARKING,7AM-10.30PM,NO,NO,0,0.0,N,1.3251366101147255,103.87064675536645
1011,K22,BLK 60 DAKOTA CRESCENT,SURFACE CAR PARK,COUPON PARKING,NO,NO,NO,0,4.5,N,1.324911218017745,103.8711252668883
1012,K3T,BLK 17 JALAN EMPAT,SURFACE CAR PARK,ELECTRONIC PARKING,WHOLE DAY,NO,YES,0,0.0,N,1.3203618221464517,103.87115794310373
1013,K52,BLK 52 CASSIA CRESCENT,SURFACE CAR PARK,ELECTRONIC PARKING,WHOLE DAY,NO,YES,0,0.0,N,1.321011769215172,103.87415336144721
1014,K7,BLK 51 OLD AIRPORT ROAD,SURFACE CAR PARK,ELECTRONIC PARKING,WHOLE DAY,NO,YES,0,4.5,N,1.3225357193664096,103.87246390663485
1015,K9,BLK 42 CASSIA CRESCENT,SURFACE CAR PARK,COUPON PARKING,7AM-7PM,NO,NO,0,0.0,N,1.322775245314965,103.87410716688618
1016,LBM,BLK 64 LENGKOK BAHRU,MULTI-STOREY CAR PARK,ELECTRONIC PARKING,WHOLE DAY,SUN & PH FR 7AM-10.30PM,YES,8,2.15,N,1.2512809286110531,103.85302810508253
1017,LT1,"BLK 110,113-116 LENGKONG TIGA",SURFACE CAR PARK,ELECTRONIC PARKING,WHOLE DAY,NO,YES,0,4.5,N,1.348188802060124,103.88679607536285
1018,LT2,BLK 111-112 LENGKONG TIGA,SURFACE CAR PARK,ELECTRONIC PARKING,7AM-10.30PM,NO,NO,0,4.5,N,1.3475526602696308,103.88738228136774
1019,LT3,BLK 101-109 LENGKONG TIGA,SURFACE CAR PARK,ELECTRONIC PARKING,7AM-10.30PM,NO,NO,0,4.5,N,1.3471690480825704,103.88850278189983
1020,L1,BLK 415-420 LORONG LEW LIAN,SURFACE CAR PARK,ELECTRONIC PARKING,7AM-10.30PM,NO,NO,0,5.4,N,1.311802691046274,103.912813694077
1021,MLM,BLK 157A MEI LING STREET,MULTI-STOREY CAR PARK,ELECTRONIC PARKING,WHOLE DAY,SUN & PH FR 7AM-10.30PM,YES,11,2.15,N,1.239438871744944,103.85703305241087
1022,MLM1,BLK 161A MEI LING STREET,MULTI-STOREY CAR PARK,ELECTRONIC PARKING,WHOLE DAY,SUN & PH FR 7AM-10.30PM,YES,7,2.15,N,1.239515005562798,103.8557086259328
1023,MM1,BLK 28A BALAM ROAD,MULTI-STOREY CAR PARK,ELECTRONIC PARKING,WHOLE DAY,NO,YES,10,2.0,N,1.3235883108840425,103.8938859847757
1024,MM2,BLK 52A PIPIT ROAD,MULTI-STOREY CAR PARK,ELECTRONIC PARKING,WHOLE DAY,SUN & PH FR 7AM-10.30PM,YES,12,2.15,N,1.3226129412219314,103.88780982609862
1025,MM3,BLK 66A CIRCUIT ROAD,MULTI-STOREY CAR PARK,ELECTRONIC PARKING,WHOLE DAY,SUN & PH FR 7AM-10.30PM,YES,11,2.15,N,1.324549634807752,103.88972412125898
1026,MM4,BLK 31A CIRCUIT ROAD,MULTI-STOREY CAR PARK,ELECTRONIC PARKING,WHOLE DAY,SUN & PH FR 7AM-10.30PM,YES,11,2.15,N,1.3220010940161657,103.89276770148095
1027,MM5,BLK 17 CIRCUIT ROAD,MULTI-STOREY CAR PARK,ELECTRONIC PARKING,WHOLE DAY,SUN & PH FR 7AM-10.30PM,YES,15,2.15,N,1.3251094900627522,103.89322694529793
1028,MM6,BLK 82 CIRCUIT ROAD,MULTI-STOREY CAR PARK,ELECTRONIC PARKING,WHOLE DAY,SUN & PH FR 7AM-10.30PM,YES,5,2.15,N,1.3266407459764065,103.88777459189677
1029,MNM,BLK 113 MCNAIR ROAD,MULTI-STOREY CAR PARK,ELECTRONIC PARKING,WHOLE DAY,SUN & PH FR 7AM-10.30PM,YES,12,2.15,N,1.296184364436405,103.88453252881008
1030,MNRM,BLK 108A MCNAIR ROAD,MULTI-STOREY CAR PARK,ELECTRONIC PARKING,WHOLE DAY,SUN & PH FR 7AM-10.30PM,YES,12,2.15,N,1.2957769113101603,103.88403380760616
1031,MN1,BLKS 108/112 MCNAIR ROAD,SURFACE CAR PARK,ELECTRONIC PARKING,WHOLE DAY,SUN & PH FR 7AM-10.30PM,YES,0,3.5,N,1.2955450734725784,103.88551347251979
1032,MN2,BLKS 119/124 MCNAIR ROAD,SURFACE CAR PARK,ELECTRONIC PARKING,WHOLE DAY,SUN & PH FR 7AM-10.30PM,YES,0,4.5,N,1.2926950638016277,103.88155922435638
1033,MP1,BLK 1 TO 4 MARINE TERRACE,SURFACE CAR PARK,ELECTRONIC PARKING,7AM-10.30PM,NO,NO,0,4.5,N,1.3542451322372067,103.8684152488968
1034,MP1M,BLK 65A MARINE DRIVE,MULTI-STOREY CAR PARK,ELECTRONIC PARKING,WHOLE DAY,NO,YES,5,2.0,N,1.3465874049525348,103.86657539799165
1035,MP12,BLK 72 TO 76 MARINE DRIVE,SURFACE CAR PARK,ELECTRONIC PARKING,WHOLE DAY,NO,YES,0,4.5,N,1.3442198534798524,103.86676177866607
1036,MP13,BLK 78 & 79 MARINE DRIVE,SURFACE CAR PARK,ELECTRONIC PARKING,WHOLE DAY,NO,YES,0,0.0,N,1.345517879228803,103.86530295789343
1037,MP14,BLK 81/82 MARINE PARADE ROAD,SURFACE CAR PARK,ELECTRONIC PARKING,WHOLE DAY,NO,YES,0,0.0,N,1.343605290112163,103.86615616836467
1038,MP15,BLK 83/87 MARINE PARADE ROAD,SURFACE CAR PARK,ELECTRONIC PARKING,WHOLE DAY,NO,YES,0,4.5,N,1.3426269161763011,103.86629254237006
1039,MP16,BLK 84 TO 86 MARINE PARADE ROAD,SURFACE CAR PARK,ELECTRONIC PARKING,WHOLE DAY,NO,YES,0,0.0,N,1.3431940627411836,103.86549865568756
1040,MP17,BLK 51 MARINE TERRACE,SURFACE CAR PARK,ELECTRONIC PARKING,WHOLE DAY,SUN & PH FR 7AM-10.30PM,YES,0,0.0,N,1.3529824743710315,103.8702255612446
1041,MP19,BLK 89 MARINE PARADE CENTRAL,MULTI-STOREY CAR PARK,ELECTRONIC PARKING,WHOLE DAY,NO,YES,10,1.9,N,1.3430513057668951,103.8649049615228
1042,MP2,BLK 5 TO 8 MARINE TERRACE,SURFACE CAR PARK,ELECTRONIC PARKING,WHOLE DAY,SUN & PH FR 7AM-10.30PM,YES,0,4.5,N,1.353375039258199,103.86782526975162
1043,MP2M,BLK 35A MARINE CRESCENT,MULTI-STOREY CAR PARK,ELECTRONIC PARKING,WHOLE DAY,NO,YES,6,2.15,N,1.3495725195750106,103.86724077294963
1044,MP20,BLK 86 MARINE PARADE ROAD,SURFACE CAR PARK,COUPON PARKING,WHOLE DAY,NO,YES,0,0.0,N,1.3428345363379082,103.86494563836182
1045,MP3M,BLK 12A MARINE TERRACE,MULTI-STOREY CAR PARK,ELECTRONIC PARKING,WHOLE DAY,SUN & PH FR 7AM-10.30PM,YES,4,2.05,N,1.3520496707601521,103.8679570379715
1046,MP4M,BLK 16A MARINE TERRACE,MULTI-STOREY CAR PARK,ELECTRONIC PARKING,WHOLE DAY,SUN & PH FR 7AM-10.30PM,YES,4,2.05,N,1.3508986598272374,103.86759861626267
1047,MP5,BLK 52/57 MARINE TERRACE,SURFACE CAR PARK,ELECTRONIC PARKING,WHOLE DAY,NO,YES,0,0.0,N,1.352879307085272,103.86969818983609
1048,MP5M,BLK 47A MARINE CRESCENT,MULTI-STOREY CAR PARK,ELECTRONIC PARKING,7AM-10.30PM,NO,NO,2,2.15,N,1.3491686362283302,103.86904063758017
1049,MP5S,BLK 45 MARINE CRESCENT,SURFACE CAR PARK,ELECTRONIC PARKING,7AM-10.30PM,NO,NO,0,4.5,N,1.3492601411210499,103.86826963267892
1050,MP6,BLK 50/50A/53 MARINE TERRACE,SURFACE CAR PARK,ELECTRONIC PARKING,WHOLE DAY,SUN & PH FR 7AM-10.30PM,YES,0,0.0,N,1.3530969641096855,103.86908906463638
1051,MP6M,BLK 77A MARINE DRIVE,MULTI-STOREY CAR PARK,ELECTRONIC PARKING,WHOLE DAY,NO,YES,11,2.15,N,1.3449495043840687,103.86591090790658
1052,MP6S,BLK 77 MARINE DRIVE,SURFACE CAR PARK,ELECTRONIC PARKING,WHOLE DAY,NO,YES,0,0.0,N,1.3450673719641022,103.86577832588425
1053,MP7,BLK 54/55/56/58/59 MARINE TERRACE,SURFACE CAR PARK,ELECTRONIC PARKING,WHOLE DAY,NO,YES,0,0.0,N,1.3513933667210154,103.8691731398479
1054,MR3,BLK 1/2 MAUDE ROAD,SURFACE CAR PARK,COUPON PARKING,7AM-10.30PM,SUN & PH FR 7AM-10.30PM,NO,0,0.0,N,1.2954370397521868,103.87126980338344
1055,MR4,BLK 7 KING GEORGE AVENUE,SURFACE CAR PARK,ELECTRONIC PARKING,7AM-10.30PM,SUN & PH FR 7AM-10.30PM,NO,0,0.0,N,1.2963233490496853,103.87148892371052
1056,MR5,"BLK 804/805, 809 MAUDE ROAD",SURFACE CAR PARK,ELECTRONIC PARKING,7AM-10.30PM,SUN & PH FR 7AM-10.30PM,NO,0,2.5,N,1.2971472884937831,103.87172885083777
1057,MR6,BLK 8 FRENCH ROAD,SURFACE CAR PARK,ELECTRONIC PARKING,7AM-10.30PM,SUN & PH FR 7AM-10.30PM,NO,0,0.0,N,1.296890413092327,103.87074710708572
1058,MR7,BLK 801/802 FRENCH ROAD,SURFACE CAR PARK,ELECTRONIC PARKING,7AM-10.30PM,SUN & PH FR 7AM-10.30PM,NO,0,5.4,N,1.2967451436485025,103.87114003630235
1059,M1,BLK 85 TO 94/92A PIPIT ROAD,SURFACE CAR PARK,ELECTRONIC PARKING,WHOLE DAY,SUN & PH FR 7AM-10.30PM,YES,0,4.5,N,1.3229573469483256,103.88655306284917
1060,M16,BLK 37 CIRCUIT ROAD,SURFACE CAR PARK,ELECTRONIC PARKING,WHOLE DAY,SUN & PH FR 7AM-10.30PM,YES,0,4.5,N,1.3231945477688916,103.89187503922363
1061,M20,BLK 65 & 80 CIRCUIT ROAD,SURFACE CAR PARK,ELECTRONIC PARKING,7AM-10.30PM,SUN & PH FR 7AM-10.30PM,NO,0,0.0,N,1.3237916838546826,103.8910397538301
1062,M25,BLK 53 TO 56/68/70/71/72 PIPIT RD/CIRCUIT ROAD,SURFACE CAR PARK,ELECTRONIC PARKING,WHOLE DAY,NO,YES,0,4.5,N,1.3247098812886862,103.88769640792384
1063,M28,BLK 82A/83 MACPHERSON LANE,SURFACE CAR PARK,COUPON PARKING,WHOLE DAY,SUN & PH FR 7AM-10.30PM,YES,0,4.5,N,1.3216698261257054,103.89455205481096
1064,M29,BLK 12 TO 14 MERPATI ROAD,SURFACE CAR PARK,COUPON PARKING,WHOLE DAY,SUN & PH FR 7AM-10.30PM,YES,0,0.0,N,1.318547822230525,103.8908427207445
1065,M3,BLK 19 TO 21/23/24/30/32 BALAM ROAD,SURFACE CAR PARK,ELECTRONIC PARKING,7AM-10.30PM,SUN & PH FR 7AM-10.30PM,NO,0,4.5,N,1.3222233295987913,103.894110227676
1066,M32,BLK 120 TO 124 PAYA LEBAR WAY,SURFACE CAR PARK,ELECTRONIC PARKING,WHOLE DAY,SUN & PH FR 7AM-10.30PM,YES,0,0.0,N,1.3192903957750002,103.88579589677963
1067,M33,BLK 125 TO 126 ALJUNIED ROAD,SURFACE CAR PARK,ELECTRONIC PARKING,WHOLE DAY,SUN & PH FR 7AM-10.30PM,YES,0,0.0,N,1.3186660471557219,103.88672279595283
1068,M34,BLK 81/82 MACPHERSON LANE,SURFACE CAR PARK,COUPON PARKING,WHOLE DAY,SUN & PH FR 7AM-10.30PM,YES,0,0.0,N,1.3221558086990581,103.89592558400487
1069,M35,BLK 41 TO 42 CIRCUIT ROAD,SURFACE CAR PARK,ELECTRONIC PARKING,7AM-7PM,NO,NO,0,0.0,N,1.3224324397961866,103.89073307608732
1070,M36,BLK 43 CIRCUIT ROAD,SURFACE CAR PARK,ELECTRONIC PARKING,7AM-7PM,NO,NO,0,0.0,N,1.3219704577480524,103.89015843852295
1071,M37,BLK 38 TO 40 CIRCUIT ROAD,SURFACE CAR PARK,ELECTRONIC PARKING,7AM-7PM,NO,NO,0,0.0,N,1.322120455726457,103.89112607689034
1072,M38,BLK 63 TO 64 CIRCUIT ROAD,SURFACE CAR PARK,ELECTRONIC PARKING,7AM-10.30PM,NO,NO,0,0.0,N,1.324004171643503,103.89060516993088
1073,M4,BLK 22/34/36 CIRCUIT ROAD,SURFACE CAR PARK,ELECTRONIC PARKING,WHOLE DAY,SUN & PH FR 7AM-10.30PM,YES,0,0.0,N,1.3241883069423153,103.89246290948914
1074,NBRM,BLK 13 NORTH BRIDGE ROAD MSCP,MULTI-STOREY CAR PARK,ELECTRONIC PARKING,WHOLE DAY,SUN & PH FR 7AM-10.30PM,YES,10,1.9,N,1.2993804496079053,103.86760374258523
1075,NTL,BLK 601 - 605A/D TAMPINES AVENUE 9/ STREET 61,SURFACE CAR PARK,ELECTRONIC PARKING,NO,NO,NO,0,0.0,N,1.371891254615557,103.92537021618223
1076,NT1,BLK 601 TAMPINES AVENUE 9,MULTI-STOREY CAR PARK,ELECTRONIC PARKING,WHOLE DAY,SUN & PH FR 7AM-10.30PM,YES,2,2.15,N,1.373116469415465,103.92443274854467
1077,NT2,BLK 605 TAMPINES STREET 61,MULTI-STOREY CAR PARK,ELECTRONIC PARKING,WHOLE DAY,SUN & PH FR 7AM-10.30PM,YES,2,2.15,N,1.3731671299195254,103.92535069858782
1078,NT3,BLK 609 TAMPINES NORTH DRIVE 1,MULTI-STOREY CAR PARK,ELECTRONIC PARKING,WHOLE DAY,SUN & PH FR 7AM-10.30PM,YES,4,2.15,N,1.3730815519122734,103.92726709704358
1079,NT4,BLK 613 TAMPINES NORTH DRIVE 1,MULTI-STOREY CAR PARK,ELECTRONIC PARKING,WHOLE DAY,SUN & PH FR 7AM-10.30PM,YES,8,2.15,N,1.3730764797707904,103.92864139728236
1080,NT5,BLK 618 TAMPINES STREET 61,COVERED CAR PARK,ELECTRONIC PARKING,WHOLE DAY,NO,YES,0,2.15,N,1.3767653803316064,103.92489549768868
1081,NT6,BLK 647 TAMPINES STREET 62,MULTI-STOREY CAR PARK,ELECTRONIC PARKING,WHOLE DAY,NO,YES,7,2.15,N,1.3786676142110073,103.93053523378255
1082,NT6L,BLK 647 TAMPINES STREET 62,SURFACE CAR PARK,ELECTRONIC PARKING,WHOLE DAY,NO,YES,0,0.0,N,1.3782209463183415,103.93126738576741
1083,NT7,BLK 646 TAMPINES STREET 62,MULTI-STOREY CAR PARK,ELECTRONIC PARKING,WHOLE DAY,NO,YES,7,2.15,N,1.3798656018549895,103.92921122004601
1084,NT7L,BLK 646 TAMPINES STREET 62,SURFACE CAR PARK,ELECTRONIC PARKING,WHOLE DAY,NO,YES,0,0.0,N,1.3795277223243887,103.9283271250676
1085,NT8,BLK 634 TAMPINES NORTH DRIVE 2,MULTI-STOREY CAR PARK,ELECTRONIC PARKING,WHOLE DAY,NO,YES,2,2.4,N,1.3770571149247819,103.92917777069897
1086,PDC4,BLK 475 CHOA CHU KANG AVENUE 3,BASEMENT CAR PARK,ELECTRONIC PARKING,WHOLE DAY,NO,YES,0,2.15,Y,1.174312331804854,103.94100898697
1087,PDC5,BLK 533A CHOA CHU KANG ST 51,SURFACE/MULTI-STOREY CAR PARK,ELECTRONIC PARKING,WHOLE DAY,NO,YES,8,2.0,N,1.1789662224547748,103.95460783951674
1088,PDJ3,BLK 399 YUNG SHENG ROAD,BASEMENT CAR PARK,ELECTRONIC PARKING,WHOLE DAY,NO,YES,1,2.1,Y,1.1558624657392251,103.89811682824842
1089,PDJ7,BLK 762A JURONG WEST ST 75,SURFACE/MULTI-STOREY CAR PARK,ELECTRONIC PARKING,WHOLE DAY,NO,YES,8,2.0,N,1.1332123736457151,103.912271141955
1090,PDL1,BLK 168 PUNGGOL FIELD,BASEMENT CAR PARK,ELECTRONIC PARKING,NO,NO,NO,2,2.15,Y,1.3496380236431673,103.95716969010425
1091,PDL2,681 PUNGGOL DR,BASEMENT CAR PARK,ELECTRONIC PARKING,WHOLE DAY,NO,YES,1,2.15,Y,1.3497850104286155,103.96583467281047
1092,PDP4,BLK 446A FAJAR ROAD,SURFACE/MULTI-STOREY CAR PARK,ELECTRONIC PARKING,WHOLE DAY,NO,YES,8,2.15,N,1.207147681969912,103.94685094990281
1093,PDP5,BLK 524A JELAPANG ROAD,SURFACE CAR PARK,ELECTRONIC PARKING,WHOLE DAY,NO,YES,1,2.15,N,1.2018144067197813,103.94848877282004
1094,PDQ5,BLK 57 DAWSON RD,SURFACE/MULTI-STOREY CAR PARK,ELECTRONIC PARKING,WHOLE DAY,NO,YES,3,2.15,N,1.247015555689961,103.85635179331344
1095,PDR2,BLK 258 PASIR RIS ST 21,SURFACE/MULTI-STOREY CAR PARK,ELECTRONIC PARKING,WHOLE DAY,NO,YES,3,1.9,N,1.4015726011245726,103.93012859475986
1096,PDR6,BLK 624A ELIAS ROAD,MULTI-STOREY CAR PARK,ELECTRONIC PARKING,WHOLE DAY,NO,YES,9,2.0,N,1.3786137901359732,103.94104137998512
1097,PDR7,BLK 734 PASIR RIS ST 72,SURFACE/MULTI-STOREY CAR PARK,ELECTRONIC PARKING,WHOLE DAY,NO,YES,8,2.0,N,1.3730748477126067,103.94285751075545
1098,PDS1,BLK 118 RIVERVALE DR,SURFACE/MULTI-STOREY CAR PARK,ELECTRONIC PARKING,WHOLE DAY,NO,YES,12,2.15,N,1.3384504956381815,103.94854841538383
1099,PDT8,BLK 866A TAMPINES ST 83,BASEMENT CAR PARK,ELECTRONIC PARKING,WHOLE DAY,NO,YES,1,2.15,Y,1.3713404072663837,103.9186443261814
1100,PDW5,BLK 548 WOODLANDS DR 44,SURFACE/MULTI-STOREY CAR PARK,ELECTRONIC PARKING,WHOLE DAY,NO,YES,6,2.15,N,1.2300676329056885,103.99354827666018
1101,PDW7,BLK 768 WOODLANDS AVE 6,SURFACE/MULTI-STOREY CAR PARK,ELECTRONIC PARKING,WHOLE DAY,NO,YES,2,2.15,N,1.2340065523047012,104.00814759239161
1102,PDW8,BLK 888A WOODLANDS DR 50,SURFACE/MULTI-STOREY CAR PARK,ELECTRONIC PARKING,WHOLE DAY,NO,YES,7,2.15,N,1.2310791021222602,104.00086890401904
1103,PD8W,BLK 883A WOODLANDS ST 82,SURFACE/MULTI-STOREY CAR PARK,ELECTRONIC PARKING,WHOLE DAY,NO,YES,8,2.15,N,1.226947399627795,104.00581657615396
1104,PLB1,BLK 440 PASIR RIS DRIVE 4,SURFACE CAR PARK,COUPON PARKING,NO,NO,NO,0,0.0,N,1.3958468350913529,103.93227287783223
1105,PL10,BLK 174 PUNGGOL FIELD,MULTI-STOREY CAR PARK,ELECTRONIC PARKING,WHOLE DAY,SUN & PH FR 7AM-10.30PM,YES,7,2.15,N,1.3469764781471671,103.95965494048022
1106,PL11,BLK 175 PUNGGOL FIELD,MULTI-STOREY CAR PARK,ELECTRONIC PARKING,WHOLE DAY,SUN & PH FR 7AM-10.30PM,YES,7,2.15,N,1.345310056456621,103.96111220794015
1107,PL12,BLK 137 EDGEDALE PLAINS,MULTI-STOREY CAR PARK,ELECTRONIC PARKING,WHOLE DAY,SUN & PH FR 7AM-10.30PM,YES,4,2.15,N,1.346070975330575,103.9554053869062
1108,PL13,BLK 131 EDGEDALE PLAINS,MULTI-STOREY CAR PARK,ELECTRONIC PARKING,WHOLE DAY,SUN & PH FR 7AM-10.30PM,YES,4,2.15,N,1.3470604809207551,103.95661564083805
1109,PL14,BLK 292 PUNGGOL CENTRAL,MULTI-STOREY CAR PARK,ELECTRONIC PARKING,WHOLE DAY,SUN & PH FR 7AM-10.30PM,YES,9,2.15,N,1.341685426591743,103.96536687975913
1110,PL15,BLK 171 EDGEDALE PLAINS,MULTI-STOREY CAR PARK,ELECTRONIC PARKING,WHOLE DAY,SUN & PH FR 7AM-10.30PM,YES,10,2.15,N,1.3492700535993958,103.95788151482657
1111,PL16,BLK 180 EDGEFIELD PLAINS,MULTI-STOREY CAR PARK,ELECTRONIC PARKING,WHOLE DAY,SUN & PH FR 7AM-10.30PM,YES,8,2.15,N,1.346032408805229,103.96160354002575
1112,PL17,BLK 642 PUNGGOL DRIVE,MULTI-STOREY CAR PARK,ELECTRONIC PARKING,WHOLE DAY,SUN & PH FR 7AM-10.30PM,YES,10,2.15,N,1.3530981203887662,103.96171188588265
1113,PL18,BLK 162 PUNGGOL CENTRAL,MULTI-STOREY CAR PARK,ELECTRONIC PARKING,WHOLE DAY,SUN & PH FR 7AM-10.30PM,YES,10,2.15,N,1.3510126547509722,103.95910409787949
1114,PL19,"BLK 186-188,190-192 PUNGGOL CENTRAL",BASEMENT CAR PARK,ELECTRONIC PARKING,7AM-7PM,NO,NO,2,2.15,Y,1.346772634802093,103.96267261299703
1115,PL20,BLK 638 PUNGGOL DRIVE,MULTI-STOREY CAR PARK,ELECTRONIC PARKING,WHOLE DAY,SUN & PH FR 7AM-10.30PM,YES,10,2.15,N,1.3518973895847304,103.96254497704473
1116,PL21,BLK 166 PUNGGOL CENTRAL,MULTI-STOREY CAR PARK,ELECTRONIC PARKING,WHOLE DAY,SUN & PH FR 7AM-10.30PM,YES,10,2.15,N,1.3521693846721166,103.95798933259282
1117,PL22,BLK 644 PUNGGOL CENTRAL,MULTI-STOREY CAR PARK,ELECTRONIC PARKING,WHOLE DAY,SUN & PH FR 7AM-10.30PM,YES,4,2.1,N,1.352617507035001,103.96074072115094
1118,PL23,BLK 201 PUNGGOL FIELD,MULTI-STOREY CAR PARK,ELECTRONIC PARKING,WHOLE DAY,SUN & PH FR 7AM-10.30PM,YES,8,2.15,N,1.3403160724545777,103.96275366925016
1119,PL24,BLK 178 & 193 EDGEFIELD PLAINS,BASEMENT CAR PARK,ELECTRONIC PARKING,7AM-7PM,NO,NO,2,2.15,Y,1.3449934042720175,103.96254050209329
1120,PL25,BLK 172 EDGEDALE PLAINS,MULTI-STOREY CAR PARK,ELECTRONIC PARKING,WHOLE DAY,SUN & PH FR 7AM-10.30PM,YES,8,2.15,N,1.3484575543687227,103.95853453547431
1121,PL26,BLK 650 PUNGGOL CENTRAL,MULTI-STOREY CAR PARK,ELECTRONIC PARKING,WHOLE DAY,SUN & PH FR 7AM-10.30PM,YES,4,2.15,N,1.352005617773906,103.96028753747248
1122,PL27,BLK 204 PUNGGOL FIELD,MULTI-STOREY CAR PARK,ELECTRONIC PARKING,WHOLE DAY,SUN & PH FR 7AM-10.30PM,YES,8,2.15,N,1.339696443052753,103.96145823295964
1123,PL28,BLK 194 PUNGGOL ROAD,MULTI-STOREY CAR PARK,ELECTRONIC PARKING,WHOLE DAY,SUN & PH FR 7AM-10.30PM,YES,10,2.15,N,1.3431614857823901,103.96498181894897
1124,PL29,BLK 633 PUNGGOL DRIVE,BASEMENT CAR PARK,ELECTRONIC PARKING,7AM-10.30PM,NO,NO,1,2.15,Y,1.3499549608777548,103.96352148141644
1125,PL30,BLK 170D PUNGGOL EAST,BASEMENT CAR PARK,ELECTRONIC PARKING,7AM-10.30PM,NO,NO,1,2.15,Y,1.3507886974152374,103.95737633204482
1126,PL31,BLK 301 PUNGGOL CENTRAL,MULTI-STOREY CAR PARK,ELECTRONIC PARKING,NO,NO,YES,8,2.15,N,1.3428412782795047,103.9666404554053
1127,PL32,BLK 302 PUNGGOL PLACE,MULTI-STOREY CAR PARK,ELECTRONIC PARKING,NO,NO,YES,10,2.15,N,1.3412395864892548,103.96780148360295
1128,PL33,BLK 621A - 621B EDGEFIELD WALK,SURFACE CAR PARK,ELECTRONIC PARKING,7AM-10.30PM,NO,NO,0,4.5,N,1.3465578825400757,103.9642331298509
1129,PL34,BLK 603 PUNGGOL ROAD,MULTI-STOREY CAR PARK,ELECTRONIC PARKING,WHOLE DAY,SUN & PH FR 7AM-10.30PM,YES,10,2.15,N,1.3446371901288323,103.9668231272944
1130,PL35,BLK 602 PUNGGOL CENTRAL,MULTI-STOREY CAR PARK,ELECTRONIC PARKING,WHOLE DAY,SUN & PH FR 7AM-10.30PM,YES,10,2.15,N,1.3439438562643238,103.96608488530062
1131,PL36,BLK 305 PUNGGOL ROAD,COVERED CAR PARK,ELECTRONIC PARKING,WHOLE DAY,NO,YES,1,2.15,N,1.3428662708798704,103.96896660308921
1132,PL37,BLK 614 EDGEFIELD PLAINS,MULTI-STOREY CAR PARK,ELECTRONIC PARKING,WHOLE DAY,SUN & PH FR 7AM-10.30PM,YES,13,2.15,N,1.3463226829415877,103.9661999323953
1133,PL38,BLK 612 PUNGGOL DRIVE,MULTI-STOREY CAR PARK,ELECTRONIC PARKING,WHOLE DAY,SUN & PH FR 7AM-10.30PM,YES,12,2.15,N,1.3452927805060377,103.96755540390433
1134,PL39,BLK 267 PUNGGOL FIELD,MULTI-STOREY CAR PARK,ELECTRONIC PARKING,WHOLE DAY,NO,YES,3,2.15,N,1.3345430001149017,103.96695931951675
1135,PL40,BLK 270 PUNGGOL FIELD,MULTI-STOREY CAR PARK,ELECTRONIC PARKING,7AM-10.30PM,NO,NO,2,2.15,N,1.3357482531784999,103.966682070636
1136,PL41,BLK 273 PUNGGOL PLACE,MULTI-STOREY CAR PARK,ELECTRONIC PARKING,WHOLE DAY,NO,YES,2,2.15,N,1.33855865150478,103.96561919769975
1137,PL42,BLK 616 PUNGGOL DRIVE,MULTI-STOREY CAR PARK,ELECTRONIC PARKING,7AM-10.30PM,NO,NO,2,2.15,N,1.348376019340162,103.96509873432892
1138,PL43,BLK 288 PUNGGOL PLACE,COVERED CAR PARK,ELECTRONIC PARKING,WHOLE DAY,NO,YES,1,2.15,N,1.339719299603399,103.96468861827574
1139,PL44,BLK 206A PUNGGOL PLACE,SURFACE CAR PARK,ELECTRONIC PARKING,7AM-10.30PM,NO,NO,0,3.8,N,1.3379410870211552,103.96184898060237
1140,PL45,BLK 169 PUNGGOL FIELD,MULTI-STOREY CAR PARK,ELECTRONIC PARKING,7AM-10.30PM,NO,NO,2,2.15,N,1.3511977710326974,103.95665645058664
1141,PL46,BLK 624 PUNGGOL CENTRAL,COVERED CAR PARK,ELECTRONIC PARKING,7AM-10.30PM,NO,NO,1,2.15,N,1.3483083332017827,103.96324371636062
1142,PL47,BLK 207 PUNGGOL PLACE,MULTI-STOREY CAR PARK,ELECTRONIC PARKING,7AM-10.30PM,NO,NO,7,2.15,N,1.3375258642959809,103.96360799950688
1143,PL48,BLK 271 PUNGGOL WALK,COVERED CAR PARK,ELECTRONIC PARKING,7AM-10.30PM,NO,NO,1,2.15,N,1.3369896808280806,103.9659708246086
1144,PL49,BLK 210 PUNGGOL PLACE,MULTI-STOREY CAR PARK,ELECTRONIC PARKING,7AM-10.30PM,NO,NO,11,2.15,N,1.3369884994376244,103.962333078411
1145,PL50,BLK 211 PUNGGOL WALK,MULTI-STOREY CAR PARK,ELECTRONIC PARKING,7AM-10.30PM,NO,NO,6,2.15,N,1.3360381798407877,103.96439510251378
1146,PL51,BLK 213 PUNGGOL WALK,MULTI-STOREY CAR PARK,ELECTRONIC PARKING,WHOLE DAY,SUN & PH FR 7AM-10.30PM,YES,11,2.15,N,1.3352441983167898,103.96301258100237
1147,PL52,BLK 312 SUMANG LINK,MULTI-STOREY CAR PARK,ELECTRONIC PARKING,WHOLE DAY,SUN & PH FR 7AM-10.30PM,YES,13,2.15,N,1.3380816939496258,103.97313326417593
1148,PL53,BLK 266 PUNGGOL WAY,MULTI-STOREY CAR PARK,ELECTRONIC PARKING,WHOLE DAY,NO,YES,2,2.15,N,1.3347667823609946,103.96824944000457
1149,PL54,BLK 259 PUNGGOL FIELD,MULTI-STOREY CAR PARK,ELECTRONIC PARKING,WHOLE DAY,SUN & PH FR 7AM-10.30PM,YES,14,2.15,N,1.3319176999396556,103.96746187938118
1150,PL55,BLK 261 PUNGGOL WAY,MULTI-STOREY CAR PARK,ELECTRONIC PARKING,WHOLE DAY,NO,YES,11,2.15,N,1.3334245034266212,103.96835480866199
1151,PL56,BLK 672 EDGEFIELD PLAINS,MULTI-STOREY CAR PARK,ELECTRONIC PARKING,WHOLE DAY,SUN & PH FR 7AM-10.30PM,YES,16,2.15,N,1.3484083960991882,103.97001057035118
1152,PL57,BLK 665 PUNGGOL DRIVE,MULTI-STOREY CAR PARK,ELECTRONIC PARKING,WHOLE DAY,SUN & PH FR 7AM-10.30PM,YES,2,2.15,N,1.3513852191621658,103.96489475759478
1153,PL58,663  PUNGGOL DRIVE,MULTI-STOREY CAR PARK,ELECTRONIC PARKING,WHOLE DAY,SUN & PH FR 7AM-10.30PM,YES,13,2.15,N,1.3535024585165158,103.96290178836992
1154,PL59,BLK 308 PUNGGOL WALK,BASEMENT CAR PARK,ELECTRONIC PARKING,WHOLE DAY,NO,YES,1,2.15,Y,1.335355723427342,103.97104211314573
1155,PL60,BLK 670 EDGEFIELD PLAINS,MULTI-STOREY CAR PARK,ELECTRONIC PARKING,WHOLE DAY,SUN & PH FR 7AM-10.30PM,YES,14,2.15,N,1.3499465773647366,103.96877172821576
1156,PL61,BLK 678 PUNGGOL DRIVE,MULTI-STOREY CAR PARK,ELECTRONIC PARKING,WHOLE DAY,NO,YES,2,2.15,N,1.3455502227764797,103.96906137032681
1157,PL62,BLK 256 SUMANG WALK,MULTI-STOREY CAR PARK,ELECTRONIC PARKING,WHOLE DAY,SUN & PH FR 7AM-10.30PM,YES,12,2.15,N,1.332102911411656,103.9684829926911
1158,PL63,BLK 677 PUNGGOL DRIVE,MULTI-STOREY CAR PARK,ELECTRONIC PARKING,WHOLE DAY,NO,YES,2,2.15,N,1.3462444806585272,103.96868880858783
1159,PL64,BLK 676 PUNGGOL DRIVE,MULTI-STOREY CAR PARK,ELECTRONIC PARKING,WHOLE DAY,NO,YES,3,2.15,N,1.3468831197063418,103.96824470209107
1160,PL65,BLK 310 PUNGGOL WALK,BASEMENT CAR PARK,ELECTRONIC PARKING,WHOLE DAY,NO,YES,0,2.15,Y,1.3363238861978755,103.97268470383882
1161,PL66,BLK 121 EDGEDALE PLAINS,MULTI-STOREY CAR PARK,ELECTRONIC PARKING,WHOLE DAY,SUN & PH FR 7AM-10.30PM,YES,11,2.15,N,1.3450276066504152,103.95661014469603
1162,PL67,BLK 314 PUNGGOL WAY,MULTI-STOREY CAR PARK,ELECTRONIC PARKING,WHOLE DAY,SUN & PH FR 7AM-10.30PM,YES,2,2.15,N,1.3341004188139232,103.97140421563847
1163,PL68,BLK 217 SUMANG WALK,MULTI-STOREY CAR PARK,ELECTRONIC PARKING,WHOLE DAY,SUN & PH FR 7AM-10.30PM,YES,16,2.15,N,1.3322144076404034,103.96581609475491
1164,PL69,BLK 661 EDGEDALE PLAINS,MULTI-STOREY CAR PARK,ELECTRONIC PARKING,WHOLE DAY,SUN & PH FR 7AM-10.30PM,YES,13,2.15,N,1.354331376542545,103.96550497714165
1165,PL70,BLK 226 SUMANG LANE,MULTI-STOREY CAR PARK,ELECTRONIC PARKING,WHOLE DAY,NO,YES,2,2.15,N,1.3298004860516286,103.9659659299804
1166,PL71,BLK 682 EDGEDALE PLAINS EDGEDALE PLAINS,MULTI-STOREY CAR PARK,ELECTRONIC PARKING,WHOLE DAY,SUN & PH FR 7AM-10.30PM,YES,16,2.15,N,1.3524763394013837,103.96696345769975
1167,PL72,BLK 222 SUMANG LANE SUMANG LANE,MULTI-STOREY CAR PARK,ELECTRONIC PARKING,WHOLE DAY,SUN & PH FR 7AM-10.30PM,YES,13,2.15,N,1.3308455535046908,103.96407838602381
1168,PL73,BLK 228 PUNGGOL FIELD,MULTI-STOREY CAR PARK,COUPON PARKING,WHOLE DAY,NO,YES,2,2.15,N,1.3285765291388578,103.966257778426
1169,PL74,BLK 233 SUMANG LANE,MULTI-STOREY CAR PARK,ELECTRONIC PARKING,WHOLE DAY,SUN & PH FR 7AM-10.30PM,YES,7,2.15,N,1.3281525542557517,103.96423647499816
1170,PL75,BLK 325 SUMANG WALK,MULTI-STOREY CAR PARK,ELECTRONIC PARKING,WHOLE DAY,SUN & PH FR 7AM-10.30PM,YES,15,2.15,N,1.335345965239182,103.9763483968712
1171,PL76,BLK 326 SUMANG WALK SUMANG WALK,MULTI-STOREY CAR PARK,ELECTRONIC PARKING,WHOLE DAY,SUN & PH FR 7AM-10.30PM,YES,6,2.15,N,1.3359265108215523,103.97620029374283
1172,PL77,BLK 659 PUNGGOL EAST ROAD,MULTI-STOREY CAR PARK,ELECTRONIC PARKING,WHOLE DAY,SUN & PH FR 7AM-10.30PM,YES,14,2.15,N,1.3562814372445564,103.96399246892267
1173,PL78,BLK 322 SUMANG WALK,MULTI-STOREY CAR PARK,ELECTRONIC PARKING,WHOLE DAY,SUN & PH FR 7AM-10.30PM,YES,13,2.15,N,1.3340916310822557,103.97413275151035
1174,PL79,BLK 655 PUNGGOL EAST,BASEMENT CAR PARK,COUPON PARKING,WHOLE DAY,NO,YES,1,2.15,Y,1.3580038690747076,103.96207923447743
1175,PL80,BLK 407A-407B NORTHSHORE WALK,MULTI-STOREY CAR PARK,ELECTRONIC PARKING,WHOLE DAY,NO,YES,2,2.15,N,1.3387235666222617,103.97966302136119
1176,PL81,BLK 421A NORTHSHORE DRIVE,BASEMENT CAR PARK,ELECTRONIC PARKING,WHOLE DAY,NO,YES,4,2.15,Y,1.3411134805883371,103.98265048254636
1177,PL82,BLK 413A NORTHSHORE DRIVE,BASEMENT CAR PARK,ELECTRONIC PARKING,WHOLE DAY,NO,YES,2,2.15,Y,1.3368756057071272,103.97984816882101
1178,PL83,BLK 419A NORTHSHORE DRIVE,BASEMENT CAR PARK,ELECTRONIC PARKING,WHOLE DAY,NO,YES,2,2.15,Y,1.338729162323069,103.9813778635634
1179,PL85,BLK 402 NORTHSHORE DRIVE,MULTI-STOREY CAR PARK,COUPON PARKING,WHOLE DAY,NO,YES,13,2.15,N,1.336953445299868,103.977336903499
1180,PM1,BLK 473A PASIR RIS DRIVE 6,MULTI-STOREY CAR PARK,ELECTRONIC PARKING,WHOLE DAY,SUN & PH FR 7AM-10.30PM,YES,12,2.15,N,1.393574929663757,103.93743766655054
1181,PM10,BLK 204A PASIR RIS STREET 21,MULTI-STOREY CAR PARK,ELECTRONIC PARKING,7AM-10.30PM,SUN & PH FR 7AM-10.30PM,NO,10,1.9,N,1.3994830367899003,103.92994998809435
1182,PM11,BLK 269A PASIR RIS STREET 21,MULTI-STOREY CAR PARK,ELECTRONIC PARKING,WHOLE DAY,SUN & PH FR 7AM-10.30PM,YES,8,1.9,N,1.400472616851859,103.9280094214912
1183,PM12,BLK 272A PASIR RIS STREET 21,MULTI-STOREY CAR PARK,ELECTRONIC PARKING,WHOLE DAY,SUN & PH FR 7AM-10.30PM,YES,6,1.9,N,1.4020546313434556,103.92812107083171
1184,PM13,BLK 199A PASIR RIS STREET 12,MULTI-STOREY CAR PARK,ELECTRONIC PARKING,WHOLE DAY,SUN & PH FR 7AM-10.30PM,YES,12,1.9,N,1.3965882876522837,103.92967859500675
1185,PM14,BLK 180A PASIR RIS STREET 11,MULTI-STOREY CAR PARK,ELECTRONIC PARKING,WHOLE DAY,SUN & PH FR 7AM-10.30PM,YES,12,1.9,N,1.397099383122082,103.9279248072525
1186,PM15,BLK 158A PASIR RIS STREET 13,MULTI-STOREY CAR PARK,ELECTRONIC PARKING,WHOLE DAY,SUN & PH FR 7AM-10.30PM,YES,10,2.0,N,1.398681285867349,103.92738016034691
1187,PM16,BLK 149A PASIR RIS STREET 13,MULTI-STOREY CAR PARK,ELECTRONIC PARKING,WHOLE DAY,SUN & PH FR 7AM-10.30PM,YES,10,2.0,N,1.3997316825955948,103.92559037373745
1188,PM17,BLK 142A PASIR RIS STREET 11,MULTI-STOREY CAR PARK,ELECTRONIC PARKING,WHOLE DAY,SUN & PH FR 7AM-10.30PM,YES,10,2.0,N,1.3967502523782407,103.92606718819724
1189,PM18,BLK 135A PASIR RIS STREET 11,MULTI-STOREY CAR PARK,ELECTRONIC PARKING,WHOLE DAY,SUN & PH FR 7AM-10.30PM,YES,8,2.0,N,1.393853000724447,103.92797231927995
1190,PM19,BLK 108A PASIR RIS STREET 12,MULTI-STOREY CAR PARK,ELECTRONIC PARKING,WHOLE DAY,SUN & PH FR 7AM-10.30PM,YES,12,2.0,N,1.3939965379569357,103.93115209212988
1191,PM2,BLK 220A PASIR RIS STREET 21,MULTI-STOREY CAR PARK,ELECTRONIC PARKING,WHOLE DAY,SUN & PH FR 7AM-10.30PM,YES,10,1.9,N,1.3980121821554308,103.93325522374639
1192,PM20,BLK 526 PASIR RIS STREET 51,MULTI-STOREY CAR PARK,ELECTRONIC PARKING,WHOLE DAY,SUN & PH FR 7AM-10.30PM,YES,13,2.15,N,1.3843681254574076,103.93123553495884
1193,PM21,BLK 530 PASIR RIS DRIVE 1,MULTI-STOREY CAR PARK,ELECTRONIC PARKING,NO,NO,YES,15,2.15,N,1.386339870178878,103.93437086692931
1194,PM22,BLK 555A PASIR RIS STREET 51,MULTI-STOREY CAR PARK,ELECTRONIC PARKING,WHOLE DAY,SUN & PH FR 7AM-10.30PM,YES,10,2.0,N,1.389156471670993,103.93175342846045
1195,PM23,BLK 564A PASIR RIS STREET 51,MULTI-STOREY CAR PARK,ELECTRONIC PARKING,WHOLE DAY,SUN & PH FR 7AM-10.30PM,YES,11,2.0,N,1.3864289898809075,103.93187174344101
1196,PM24,BLK 561A PASIR RIS STREET 51,MULTI-STOREY CAR PARK,ELECTRONIC PARKING,WHOLE DAY,SUN & PH FR 7AM-10.30PM,YES,8,2.0,N,1.388252379220249,103.93038490750652
1197,PM25,BLK 500A PASIR RIS STREET 52,MULTI-STOREY CAR PARK,ELECTRONIC PARKING,WHOLE DAY,SUN & PH FR 7AM-10.30PM,YES,13,1.9,N,1.3825083207086193,103.93953043042495
1198,PM26,BLK 521A PASIR RIS STREET 52,MULTI-STOREY CAR PARK,ELECTRONIC PARKING,WHOLE DAY,SUN & PH FR 7AM-10.30PM,YES,11,1.9,N,1.380881982887506,103.93702387334173
1199,PM27,BLK 578A PASIR RIS STREET 53,MULTI-STOREY CAR PARK,ELECTRONIC PARKING,WHOLE DAY,SUN & PH FR 7AM-10.30PM,YES,11,2.0,N,1.383501985408987,103.93711613215173
1200,PM28,BLK 586A PASIR RIS STREET 53,MULTI-STOREY CAR PARK,ELECTRONIC PARKING,WHOLE DAY,SUN & PH FR 7AM-10.30PM,YES,10,2.0,N,1.3846794964259403,103.93785142389795
1201,PM29,BLK 601A ELIAS ROAD,MULTI-STOREY CAR PARK,ELECTRONIC PARKING,WHOLE DAY,SUN & PH FR 7AM-10.30PM,YES,10,1.9,N,1.3802586718256784,103.94046769552611
1202,PM3,BLK 225A PASIR RIS STREET 21,MULTI-STOREY CAR PARK,ELECTRONIC PARKING,WHOLE DAY,SUN & PH FR 7AM-10.30PM,YES,13,1.9,N,1.3979316523133087,103.9349714560451
1203,PM30,BLK 614A ELIAS ROAD,MULTI-STOREY CAR PARK,ELECTRONIC PARKING,7AM-10.30PM,NO,NO,10,1.9,N,1.3790545577188271,103.93888949898214
1204,PM32,BLK 631A PASIR RIS DRIVE 3,MULTI-STOREY CAR PARK,ELECTRONIC PARKING,WHOLE DAY,SUN & PH FR 7AM-10.30PM,YES,11,2.0,N,1.3769623786360738,103.94242789675117
1205,PM33,BLK 635A PASIR RIS DRIVE 1,MULTI-STOREY CAR PARK,ELECTRONIC PARKING,WHOLE DAY,SUN & PH FR 7AM-10.30PM,YES,11,2.0,N,1.3767391244825766,103.94021628059308
1206,PM34,BLK 649A PASIR RIS DRIVE 10,MULTI-STOREY CAR PARK,ELECTRONIC PARKING,WHOLE DAY,SUN & PH FR 7AM-10.30PM,YES,11,2.0,N,1.37556680574518,103.94112996810226
1207,PM35,BLK 700A PASIR RIS DRIVE 10,MULTI-STOREY CAR PARK,ELECTRONIC PARKING,WHOLE DAY,SUN & PH FR 7AM-10.30PM,YES,10,1.9,N,1.3754955220381775,103.94388113540926
1208,PM36,BLK 710A PASIR RIS STREET 72,MULTI-STOREY CAR PARK,ELECTRONIC PARKING,WHOLE DAY,SUN & PH FR 7AM-10.30PM,YES,10,2.0,N,1.3739144115314712,103.94551749107717
1209,PM37,BLK 718A PASIR RIS STREET 72,MULTI-STOREY CAR PARK,ELECTRONIC PARKING,WHOLE DAY,SUN & PH FR 7AM-10.30PM,YES,10,2.0,N,1.3728566550761268,103.94502877525557
1210,PM38,BLK 736A PASIR RIS DRIVE 10,MULTI-STOREY CAR PARK,ELECTRONIC PARKING,WHOLE DAY,SUN & PH FR 7AM-10.30PM,YES,10,2.0,N,1.3740878233456915,103.94207074804285
1211,PM4,BLK 231A PASIR RIS DRIVE 4,MULTI-STOREY CAR PARK,ELECTRONIC PARKING,WHOLE DAY,SUN & PH FR 7AM-10.30PM,YES,10,1.9,N,1.3984444262771645,103.93726233330706
1212,PM40,BLK 744A PASIR RIS STREET 71,MULTI-STOREY CAR PARK,ELECTRONIC PARKING,7AM-10.30PM,SUN & PH FR 7AM-10.30PM,NO,11,2.0,N,1.3722170570406924,103.94107702070635
1213,PM41,BLK 747A PASIR RIS STREET 71,MULTI-STOREY CAR PARK,ELECTRONIC PARKING,WHOLE DAY,SUN & PH FR 7AM-10.30PM,YES,9,2.0,N,1.3709124085896556,103.94196100524468
1214,PM43,BLK 757A PASIR RIS STREET 71,MULTI-STOREY CAR PARK,ELECTRONIC PARKING,WHOLE DAY,SUN & PH FR 7AM-10.30PM,YES,9,2.0,N,1.3699552245262272,103.9403701466846
1215,PM44,BLK 762A PASIR RIS STREET 71,MULTI-STOREY CAR PARK,ELECTRONIC PARKING,WHOLE DAY,SUN & PH FR 7AM-10.30PM,YES,9,2.0,N,1.370119660631518,103.93910754155674
1216,PM45,BLK 773A PASIR RIS STREET 71,MULTI-STOREY CAR PARK,ELECTRONIC PARKING,WHOLE DAY,SUN & PH FR 7AM-10.30PM,YES,10,2.0,N,1.3727419365461648,103.93775283876712
1217,PM46,BLK 782A PASIR RIS STREET 71,MULTI-STOREY CAR PARK,ELECTRONIC PARKING,7AM-10.30PM,SUN & PH FR 7AM-10.30PM,NO,8,2.0,N,1.3752401510603998,103.93638450822307
1218,PM5,BLK 235A PASIR RIS STREET 21,MULTI-STOREY CAR PARK,ELECTRONIC PARKING,WHOLE DAY,SUN & PH FR 7AM-10.30PM,YES,10,1.9,N,1.399617270946398,103.93692902697633
1219,PM6,BLK 245A PASIR RIS STREET 21,MULTI-STOREY CAR PARK,ELECTRONIC PARKING,WHOLE DAY,SUN & PH FR 7AM-10.30PM,YES,10,1.9,N,1.400427167523882,103.93399764238677
1220,PM7,BLK 257A PASIR RIS STREET 21,MULTI-STOREY CAR PARK,ELECTRONIC PARKING,WHOLE DAY,SUN & PH FR 7AM-10.30PM,YES,8,1.9,N,1.4002639213705834,103.93075609262098
1221,PM8,BLK 458A PASIR RIS DRIVE 4,MULTI-STOREY CAR PARK,ELECTRONIC PARKING,WHOLE DAY,SUN & PH FR 7AM-10.30PM,YES,10,2.0,N,1.3972502429680271,103.93480808211521
1222,PM9,BLK 216A PASIR RIS STREET 21,MULTI-STOREY CAR PARK,ELECTRONIC PARKING,WHOLE DAY,SUN & PH FR 7AM-10.30PM,YES,9,2.0,N,1.3982168738574776,103.93148553270406
1223,PP1,BLK 101 TO 109 POTONG PASIR AVENUE 1,SURFACE CAR PARK,ELECTRONIC PARKING,WHOLE DAY,SUN & PH FR 7AM-10.30PM,YES,0,4.5,N,1.3056231196551382,103.89741219323584
1224,PP2,BLK 143 TO 145 POTONG PASIR AVENUE 2/3,SURFACE CAR PARK,ELECTRONIC PARKING,WHOLE DAY,SUN & PH FR 7AM-10.30PM,YES,0,0.0,N,1.3024433062512444,103.89609583557542
1225,PP3,BLK 134 TO 142 POTONG PASIR AVENUE 3,SURFACE CAR PARK,ELECTRONIC PARKING,NO,SUN & PH FR 7AM-10.30PM,YES,0,0.0,N,1.3022319277860113,103.89701173459554
1226,PP4,BLK 121 TO 133 POTONG PASIR AVENUE 1,SURFACE CAR PARK,ELECTRONIC PARKING,WHOLE DAY,SUN & PH FR 7AM-10.30PM,YES,0,0.0,N,1.3025083685321355,103.89813539673348
1227,PP5,BLK 113 TO 120 POTONG PASIR AVENUE 1,SURFACE CAR PARK,ELECTRONIC PARKING,NO,SUN & PH FR 7AM-10.30PM,YES,0,0.0,N,1.299593211660661,103.89970530563933
1228,PP6,BLK 146 POTONG PASIR AVENUE 2,SURFACE CAR PARK,ELECTRONIC PARKING,WHOLE DAY,SUN & PH FR 7AM-10.30PM,YES,0,4.5,N,1.3040135420152033,103.89570203728526
1229,PP9T,BLK 145 POTONG PASIR AVENUE 2/3,SURFACE CAR PARK,ELECTRONIC PARKING,WHOLE DAY,SUN & PH FR 7AM-10.30PM,YES,0,0.0,N,1.3024489334898872,103.89561349298081
1230,PRM,BLK 33 PARK CRESCENT MSCP,MULTI-STOREY CAR PARK,ELECTRONIC PARKING,WHOLE DAY,NO,YES,7,2.15,N,1.2785059638964205,103.84916960691407
1231,PRM1,BLK 441A PASIR RIS DRIVE 6,MULTI-STOREY CAR PARK,ELECTRONIC PARKING,WHOLE DAY,SUN & PH FR 7AM-10.30PM,YES,9,1.86,N,1.3948140728057663,103.93280438963404
1232,PRS1,BLK 212A PASIR RIS STREET 21,SURFACE CAR PARK,ELECTRONIC PARKING,7AM-10.30PM,NO,NO,0,0.0,N,1.397321437793881,103.93121239478589
1233,PR1,BLK 101/108 PASIR RIS STREET 12,SURFACE CAR PARK,ELECTRONIC PARKING,WHOLE DAY,SUN & PH FR 7AM-10.30PM,YES,0,4.5,N,1.3949799615940515,103.93053124193554
1234,PR10,BLK 467/477 PASIR RIS DRIVE 6,SURFACE CAR PARK,ELECTRONIC PARKING,WHOLE DAY,SUN & PH FR 7AM-10.30PM,YES,0,0.0,N,1.3941571198854654,103.93689730436847
1235,PR11,BLK 478/487 PASIR RIS DRIVE 4,SURFACE CAR PARK,COUPON PARKING,7AM-10.30PM,SUN & PH FR 7AM-10.30PM,NO,0,4.5,N,1.3963787525269697,103.93761158481412
1236,PR12,BLK 544/556 PASIR RIS STREET 51,SURFACE CAR PARK,ELECTRONIC PARKING,WHOLE DAY,NO,YES,0,4.5,N,1.3896287127631521,103.93190376277187
1237,PR13,"BLK 537-543, 564-569 PASIR RIS STREET 51",SURFACE CAR PARK,ELECTRONIC PARKING,WHOLE DAY,NO,YES,0,4.5,N,1.3865447413461374,103.93266129936823
1238,PR14,BLK 557-562 PASIR RIS STREET 51,SURFACE CAR PARK,ELECTRONIC PARKING,WHOLE DAY,NO,YES,0,9.99,N,1.3884309480072687,103.92988902571118
1239,PR2,BLK 109/129 PASIR RIS STREET 11,SURFACE CAR PARK,ELECTRONIC PARKING,NO,SUN & PH FR 7AM-10.30PM,YES,0,4.5,N,1.3924064621542858,103.93047433285112
1240,PR3,BLK 531/536 PASIR RIS DRIVE 1/PASIR RIS CENTRAL,SURFACE CAR PARK,ELECTRONIC PARKING,WHOLE DAY,NO,YES,0,4.5,N,1.387648470674646,103.93423828098285
1241,PR4,BLK 406/411 PASIR RIS DRIVE 6,SURFACE CAR PARK,ELECTRONIC PARKING,NO,SUN & PH FR 7AM-10.30PM,YES,0,0.0,N,1.391477686866575,103.93609788606217
1242,PR5,"BLK 405/406, 412/429 PASIR RIS DRIVE 6",SURFACE CAR PARK,ELECTRONIC PARKING,NO,SUN & PH FR 7AM-10.30PM,YES,0,4.5,N,1.3920783225192526,103.93368708128743
1243,PR6,BLK 441/445 PASIR RIS DRIVE 6,SURFACE CAR PARK,ELECTRONIC PARKING,WHOLE DAY,SUN & PH FR 7AM-10.30PM,YES,0,0.0,N,1.3945713556209514,103.93256533065724
1244,PR7,BLK 446/455 PASIR RIS DRIVE 6,SURFACE CAR PARK,ELECTRONIC PARKING,7AM-10.30PM,NO,NO,0,0.0,N,1.3946628666267982,103.93418526542571
1245,PR8,BLK 456/461 PASIR RIS DRIVE 4,SURFACE CAR PARK,ELECTRONIC PARKING,WHOLE DAY,NO,YES,0,9.99,N,1.396564359448362,103.93444222140886
1246,PR9,BLK 463/466 PASIR RIS STREET 41,SURFACE CAR PARK,COUPON PARKING,7AM-10.30PM,NO,NO,0,0.0,N,1.3954382977506845,103.9363671846715
1247,P1,BLK 196 PUNGGOL FIELD,MULTI-STOREY CAR PARK,ELECTRONIC PARKING,WHOLE DAY,SUN & PH FR 7AM-10.30PM,YES,7,2.15,N,1.3436726616225811,103.96232666651679
1248,P11,BLK 416 PANDAN GARDENS,SURFACE CAR PARK,ELECTRONIC PARKING,WHOLE DAY,SUN & PH FR 7AM-10.30PM,YES,0,0.0,N,1.183983697821682,103.88469269431711
1249,P12,BLK 415 PANDAN GARDENS,SURFACE CAR PARK,ELECTRONIC PARKING,WHOLE DAY,SUN & PH FR 7AM-10.30PM,YES,0,4.5,N,1.1838208794864422,103.88406000243903
1250,P13,BLK 401/402 PANDAN GARDENS,SURFACE CAR PARK,ELECTRONIC PARKING,WHOLE DAY,SUN & PH FR 7AM-10.30PM,YES,0,0.0,N,1.186048954634019,103.88418193790503
1251,P14,BLK 403/408 PANDAN GARDENS,SURFACE CAR PARK,ELECTRONIC PARKING,WHOLE DAY,SUN & PH FR 7AM-10.30PM,YES,0,0.0,N,1.1848085144086518,103.88285407203053
1252,P15,BLK 413 PANDAN GARDENS,SURFACE CAR PARK,ELECTRONIC PARKING,WHOLE DAY,SUN & PH FR 7AM-10.30PM,YES,0,0.0,N,1.1837746507858784,103.88333217627165
1253,P16,BLK 412/414 PANDAN GARDENS,SURFACE CAR PARK,ELECTRONIC PARKING,WHOLE DAY,SUN & PH FR 7AM-10.30PM,YES,0,0.0,N,1.1827849171120088,103.88337944238255
1254,P17,BLK 409/411 PANDAN GARDENS,SURFACE CAR PARK,ELECTRONIC PARKING,WHOLE DAY,SUN & PH FR 7AM-10.30PM,YES,0,0.0,N,1.1830054790767457,103.88232539822643
1255,P2,BLK 199 PUNGGOL FIELD,MULTI-STOREY CAR PARK,ELECTRONIC PARKING,WHOLE DAY,SUN & PH FR 7AM-10.30PM,YES,7,2.15,N,1.3426712940137413,103.96308941880226
1256,P3,BLK 101 PUNGGOL FIELD,MULTI-STOREY CAR PARK,ELECTRONIC PARKING,WHOLE DAY,SUN & PH FR 7AM-10.30PM,YES,8,2.15,N,1.3424154301173943,103.96145219316543
1257,P34L,PUNGGOL ROAD,SURFACE CAR PARK,ELECTRONIC PARKING,NO,NO,NO,0,0.0,N,1.3440735698700503,103.96748190532128
1258,P35L,PUNGGOL CENTRAL,SURFACE CAR PARK,ELECTRONIC PARKING,NO,NO,NO,0,0.0,N,1.344275033248322,103.96521308756066
1259,P4,BLK 105 EDGEFIELD PLAINS,MULTI-STOREY CAR PARK,ELECTRONIC PARKING,WHOLE DAY,SUN & PH FR 7AM-10.30PM,YES,7,2.15,N,1.3422629970464495,103.960230398902
1260,P40L,BLK 740 TO 745 PASIR RIS STREET 71,SURFACE CAR PARK,ELECTRONIC PARKING,NO,NO,NO,0,4.2,N,1.3727698282230019,103.9412297007823
1261,P5,BLK 107 PUNGGOL FIELD,MULTI-STOREY CAR PARK,ELECTRONIC PARKING,WHOLE DAY,SUN & PH FR 7AM-10.30PM,YES,7,2.15,N,1.3442950158784852,103.95988320358988
1262,P5L,BLK 106A PUNGGOL FIELD,SURFACE CAR PARK,ELECTRONIC PARKING,NO,NO,NO,0,0.0,N,1.3444041843250698,103.96048549158496
1263,P6,BLK 109 PUNGGOL FIELD,MULTI-STOREY CAR PARK,ELECTRONIC PARKING,WHOLE DAY,SUN & PH FR 7AM-10.30PM,YES,7,2.15,N,1.346127304499434,103.9583840551717
1264,P6L,BLK 109B PUNGGOL FIELD,SURFACE CAR PARK,ELECTRONIC PARKING,NO,NO,NO,0,0.0,N,1.3467547058040539,103.95861231770667
1265,P7,BLK 119 EDGEFIELD PLAINS,MULTI-STOREY CAR PARK,ELECTRONIC PARKING,WHOLE DAY,SUN & PH FR 7AM-10.30PM,YES,8,2.15,N,1.3431158518501929,103.95844282309534
1266,P71L,BLK 684A & 684B EDGEDALE PLAINS,SURFACE CAR PARK,ELECTRONIC PARKING,NO,NO,NO,0,0.0,N,1.3526083472226307,103.96599851135566
1267,P73L,BLK 229A & 229B SUMANG LANE,SURFACE CAR PARK,COUPON PARKING,NO,NO,NO,0,0.0,N,1.3284989701748466,103.96570463956832
1268,P76L,BLK 327A SUMANG WALK,SURFACE CAR PARK,ELECTRONIC PARKING,NO,NO,NO,0,0.0,N,1.335837365834355,103.97522732597896
1269,P77L,BLK 659 PUNGGOL EAST,SURFACE CAR PARK,ELECTRONIC PARKING,NO,NO,NO,0,0.0,N,1.3560256018522565,103.96309799512906
1270,P8,BLK 126 EDGEDALE PLAINS,MULTI-STOREY CAR PARK,ELECTRONIC PARKING,WHOLE DAY,SUN & PH FR 7AM-10.30PM,YES,10,2.15,N,1.347588305772673,103.95725136984659
1271,P9,BLK 128 PUNGGOL FIELD WALK,MULTI-STOREY CAR PARK,ELECTRONIC PARKING,WHOLE DAY,SUN & PH FR 7AM-10.30PM,YES,10,2.15,N,1.3492224171030809,103.95595534882695
1272,Q14,BLK 49 STIRLING ROAD,SURFACE CAR PARK,COUPON PARKING,7AM-10.30PM,SUN & PH FR 7AM-10.30PM,NO,0,0.0,N,1.2381440560437442,103.8612712005031
1273,Q15,BLK 41/48 STIRLING ROAD,SURFACE CAR PARK,COUPON PARKING,WHOLE DAY,SUN & PH FR 7AM-10.30PM,YES,0,0.0,N,1.23772776928942,103.8619685401704
1274,Q16,BLK 45 AND 50 STIRLING ROAD,SURFACE CAR PARK,ELECTRONIC PARKING,WHOLE DAY,SUN & PH FR 7AM-10.30PM,YES,0,0.0,N,1.239702736595686,103.86057872431526
1275,Q17,BLK 52 STIRLING ROAD,SURFACE CAR PARK,ELECTRONIC PARKING,WHOLE DAY,SUN & PH FR 7AM-10.30PM,YES,0,0.0,N,1.2398113582316566,103.85985604246784
1276,Q19,BLK 151 MEI LING STREET,SURFACE CAR PARK,ELECTRONIC PARKING,7AM-7PM,NO,NO,0,0.0,N,1.239241093791779,103.85836042571601
1277,Q2A,BLK 155-164 STIRLING ROAD,SURFACE CAR PARK,COUPON PARKING,7AM-10.30PM,SUN & PH FR 7AM-10.30PM,NO,0,0.0,N,1.2403770885378937,103.8553267585241
1278,Q30,MARGARET DRIVE,SURFACE CAR PARK,COUPON PARKING,WHOLE DAY,SUN & PH FR 7AM-10.30PM,YES,0,0.0,N,1.2447954085472015,103.85948266483564
1279,Q4,BLK 168A QUEENSWAY,SURFACE CAR PARK,COUPON PARKING,NO,NO,YES,0,0.0,N,1.2398956290919847,103.85241179019555
1280,Q41,BLK 80 STRATHMORE AVENUE,SURFACE CAR PARK,ELECTRONIC PARKING,7AM-10.30PM,NO,NO,0,4.5,N,1.2452452866185868,103.85800694817476
1281,Q48,BLK 150A MEI CHIN ROAD,SURFACE CAR PARK,COUPON PARKING,WHOLE DAY,SUN & PH FR 7AM-10.30PM,YES,0,0.0,N,1.2394980945086096,103.85901340351542
1282,Q49,- MEI CHIN ROAD,SURFACE CAR PARK,COUPON PARKING,7AM-7PM,NO,NO,0,0.0,N,1.2387519034470014,103.85895031996026
1283,Q5A,BLKS 166-171 STIRLING ROAD,SURFACE CAR PARK,COUPON PARKING,7AM-10.30PM,SUN & PH FR 7AM-10.30PM,NO,0,0.0,N,1.2391503177454095,103.85482273307704
1284,Q5S,BLK 165-166 STIRLING ROAD,SURFACE CAR PARK,COUPON PARKING,NO,SUN & PH FR 7AM-10.30PM,YES,0,0.0,N,1.238123168914451,103.85446395511269
1285,Q51,BLK 39 TANGLIN HALT ROAD,SURFACE CAR PARK,COUPON PARKING,7AM-7PM,NO,NO,0,0.0,N,1.2350183860583337,103.86157118448985
1286,Q52,BLK 33-34 TANGLIN HALT ROAD,SURFACE CAR PARK,COUPON PARKING,7AM-7PM,NO,NO,0,0.0,N,1.2348669168327375,103.86043158685469
1287,Q55,BLK 61/66 COMMONWEALTH DRIVE,SURFACE CAR PARK,COUPON PARKING,7AM-10.30PM,NO,NO,0,4.5,N,1.2323656036175177,103.86232285970526
1288,Q58,BLK 46-3 COMMONWEALTH DRIVE,SURFACE CAR PARK,COUPON PARKING,7AM-10.30PM,NO,NO,0,0.0,N,1.2336023073526745,103.86371378516984
1289,Q59,BLK 47/49 TANGLIN HALT ROAD,SURFACE CAR PARK,COUPON PARKING,WHOLE DAY,NO,YES,0,0.0,N,1.2335310336057559,103.86455291404515
1290,Q65,BLK 115A COMMONWEALTH DRIVE,SURFACE CAR PARK,ELECTRONIC PARKING,WHOLE DAY,SUN & PH FR 7AM-10.30PM,YES,0,0.0,N,1.2347077745706059,103.86911333845751
1291,Q65A,BLK 96-111 AND 115 COMMONWEALTH CRESCENT,SURFACE CAR PARK,COUPON PARKING,7AM-10.30PM,SUN & PH FR 7AM-10.30PM,NO,0,0.0,N,1.2371076819990767,103.8706672710925
1292,Q66,BLK 117 COMMONWEALTH DRIVE,SURFACE CAR PARK,ELECTRONIC PARKING,WHOLE DAY,SUN & PH FR 7AM-10.30PM,YES,0,0.0,N,1.2354560816252016,103.87028667878714
1293,Q67,BLK 116-118 COMMONWEALTH CRESCENT,SURFACE CAR PARK,ELECTRONIC PARKING,WHOLE DAY,SUN & PH FR 7AM-10.30PM,YES,0,0.0,N,1.23650884643965,103.87075167895335
1294,Q68,BLK 110 COMMONWEALTH CRESCENT,SURFACE CAR PARK,ELECTRONIC PARKING,7AM-7PM,NO,NO,0,0.0,N,1.2349602158532174,103.87045819986531
1295,Q70,BLK 99/102 COMMONWEALTH CRESCENT,SURFACE CAR PARK,ELECTRONIC PARKING,7AM-7PM,NO,NO,0,0.0,N,1.2365148164191124,103.87092381805913
1296,Q72,BLK 96 COMMONWEALTH CRESCENT,SURFACE CAR PARK,COUPON PARKING,7AM-7PM,NO,NO,0,0.0,N,1.2368648140212508,103.87007626416312
1297,Q73,BLK 91/92 COMMONWEALTH DRIVE,SURFACE CAR PARK,ELECTRONIC PARKING,7AM-7PM,NO,NO,0,0.0,N,1.2363561906604634,103.86983811446186
1298,Q75M,BLK 10A HOLLAND DRIVE,MULTI-STOREY CAR PARK,ELECTRONIC PARKING,WHOLE DAY,SUN & PH FR 7AM-10.30PM,YES,12,2.15,N,1.229620071624736,103.87188343749672
1299,Q77M,BLK 18 HOLLAND DRIVE,MULTI-STOREY CAR PARK,ELECTRONIC PARKING,WHOLE DAY,NO,YES,12,2.15,N,1.227925854380381,103.87514350980229
1300,Q8,BLK 19/23A/23B QUEENS CLOSE,SURFACE CAR PARK,ELECTRONIC PARKING,WHOLE DAY,NO,YES,0,4.5,N,1.2355285175601565,103.85786904007182
1301,Q80,BLK 45/46/47 HOLLAND DRIVE,SURFACE CAR PARK,ELECTRONIC PARKING,WHOLE DAY,NO,YES,0,9.99,N,1.2286164446924377,103.87210654006407
1302,Q81,BLK 43 HOLLAND DRIVE,SURFACE CAR PARK,ELECTRONIC PARKING,WHOLE DAY,NO,YES,0,9.99,N,1.2290820514899767,103.87111326119901
1303,Q84,BLK 2/4/6/31/32 HOLLAND CLOSE,SURFACE CAR PARK,ELECTRONIC PARKING,WHOLE DAY,SUN & PH FR 7AM-10.30PM,YES,0,4.5,N,1.2326136340025913,103.87036238493333
1304,Q85,NORTH BUONA VISTA ROAD,SURFACE CAR PARK,ELECTRONIC PARKING,WHOLE DAY,SUN & PH FR 7AM-10.30PM,YES,0,0.0,N,1.2279561603403226,103.87180660186067
1305,Q86,BLK 148A MEI LING STREET,MULTI-STOREY CAR PARK,ELECTRONIC PARKING,WHOLE DAY,SUN & PH FR 7AM-10.30PM,YES,10,1.8,N,1.2398589266036688,103.85822378755621
1306,Q87,BLK 5A HOLLAND CLOSE,MULTI-STOREY CAR PARK,ELECTRONIC PARKING,WHOLE DAY,SUN & PH FR 7AM-10.30PM,YES,11,2.0,N,1.2321760441616536,103.8724467797641
1307,Q88,BLK 19A QUEEN'S CLOSE,MULTI-STOREY CAR PARK,ELECTRONIC PARKING,WHOLE DAY,SUN & PH FR 7AM-10.30PM,YES,10,2.0,N,1.2365252501714836,103.85666103620233
1308,Q89,BLK 7B COMMONWEALTH AVENUE,MULTI-STOREY CAR PARK,ELECTRONIC PARKING,WHOLE DAY,SUN & PH FR 7AM-10.30PM,YES,11,2.0,N,1.2309797322014002,103.86983098959442
1309,Q92,BLK 82 STRATHMORE AVENUE,SURFACE CAR PARK,COUPON PARKING,NO,NO,NO,0,4.5,N,1.2445019720014159,103.85845697955732
1310,Q93,BLK 83 STRATHMORE AVENUE,SURFACE CAR PARK,COUPON PARKING,NO,NO,NO,0,4.5,N,1.2440781905832294,103.858598001834
1311,Q94,BLK 102 COMMONWEALTH CRESCENT,SURFACE CAR PARK,ELECTRONIC PARKING,7AM-7PM,NO,NO,0,0.0,N,1.2365267263779622,103.87121367094082
1312,Q95,BLK 98 COMMONWEALTH CRESCENT,SURFACE CAR PARK,COUPON PARKING,7AM-7PM,NO,NO,0,0.0,N,1.2372383796649125,103.87030114359537
1313,Q96,BLK 181-184 STIRLING ROAD,SURFACE CAR PARK,ELECTRONIC PARKING,WHOLE DAY,NO,YES,0,4.5,N,1.2403957656384466,103.85900241063361
1314,Q97,BLK 64 COMMONWEALTH DRIVE,SURFACE CAR PARK,COUPON PARKING,7AM-7PM,NO,NO,0,0.0,N,1.2333307328880514,103.86282997885074
1315,Q98,BLK 55 COMMONWEALTH DRIVE,SURFACE CAR PARK,COUPON PARKING,7AM-7PM,NO,NO,0,4.5,N,1.2332292957635858,103.86097997953767
1316,Q99,BLK 89 COMMONWEALTH DRIVE,SURFACE CAR PARK,COUPON PARKING,7AM-7PM,NO,NO,0,4.5,N,1.2350506441411504,103.86888651015043
1317,RCM,BLK 638 VEERASAMY ROAD,MULTI-STOREY CAR PARK,ELECTRONIC PARKING,WHOLE DAY,SUN & PH FR 7AM-10.30PM,YES,6,2.0,N,1.2916727891390165,103.87078957748056
1318,RC1,BLK 101/102 JALAN RAJAH,SURFACE CAR PARK,ELECTRONIC PARKING,WHOLE DAY,SUN & PH FR 7AM-10.30PM,YES,0,0.0,N,1.28784890126842,103.89198861127359
1319,RC2,BLK 103/104 JALAN RAJAH,SURFACE CAR PARK,ELECTRONIC PARKING,WHOLE DAY,SUN & PH FR 7AM-10.30PM,YES,0,0.0,N,1.289375665288246,103.8911351267774
1320,RC3,BLK 105/108 JALAN RAJAH,SURFACE CAR PARK,ELECTRONIC PARKING,WHOLE DAY,SUN & PH FR 7AM-10.30PM,YES,0,4.5,N,1.2908787930050143,103.89172912078314
1321,RHM,BLK 88A REDHILL CLOSE,MULTI-STOREY CAR PARK,ELECTRONIC PARKING,WHOLE DAY,SUN & PH FR 7AM-10.30PM,YES,10,1.9,N,1.2546599658850273,103.8501765085675
1322,RHM2,BLK 70A REDHILL CLOSE,MULTI-STOREY CAR PARK,ELECTRONIC PARKING,WHOLE DAY,SUN & PH FR 7AM-10.30PM,YES,12,2.15,N,1.2529788570564684,103.8507173123353
1323,RHM3,BLK 73 REDHILL ROAD,MULTI-STOREY CAR PARK,ELECTRONIC PARKING,WHOLE DAY,SUN & PH FR 7AM-10.30PM,YES,17,2.15,N,1.2533471526565982,103.85161898838797
1324,RHM4,BLK 74 REDHILL ROAD,MULTI-STOREY CAR PARK,ELECTRONIC PARKING,WHOLE DAY,SUN & PH FR 7AM-10.30PM,YES,12,2.15,N,1.2518816882048398,103.85169151192467
1325,RHS,BLK 75A/B REDHILL ROAD,SURFACE CAR PARK,ELECTRONIC PARKING,WHOLE DAY,NO,YES,0,4.5,N,1.2516795604901507,103.85198941844307
1326,SAM,BLK 60A STRATHMORE AVENUE,MULTI-STOREY CAR PARK,ELECTRONIC PARKING,WHOLE DAY,SUN & PH FR 7AM-10.30PM,YES,12,2.15,N,1.2479163821149135,103.85623676004712
1327,SAM2,BLK 61 STRATHMORE AVENUE,MULTI-STOREY CAR PARK,ELECTRONIC PARKING,WHOLE DAY,NO,YES,12,2.15,N,1.247040589609694,103.85763072034757
1328,SB1,BLK 306B CANBERRA ROAD,MULTI-STOREY CAR PARK,COUPON PARKING,WHOLE DAY,SUN & PH FR 7AM-10.30PM,YES,5,2.15,N,1.2581570405058333,104.0091603696992
1329,SB10,BLK 481A SEMBAWANG DRIVE,MULTI-STOREY CAR PARK,ELECTRONIC PARKING,WHOLE DAY,SUN & PH FR 7AM-10.30PM,YES,13,2.15,N,1.2514496182994248,104.01513681930888
1330,SB11,BLK 476A SEMBAWANG DRIVE,MULTI-STOREY CAR PARK,ELECTRONIC PARKING,WHOLE DAY,SUN & PH FR 7AM-10.30PM,YES,13,2.15,N,1.2527267970854365,104.01442153746602
1331,SB12,BLK 424A CANBERRA ROAD,MULTI-STOREY CAR PARK,ELECTRONIC PARKING,WHOLE DAY,SUN & PH FR 7AM-10.30PM,YES,12,2.15,N,1.2551430742481706,104.01580180627982
1332,SB13,BLK 404A ADMIRALTY LINK,MULTI-STOREY CAR PARK,ELECTRONIC PARKING,WHOLE DAY,SUN & PH FR 7AM-10.30PM,YES,12,2.15,N,1.2524886633822747,104.01698129005167
1333,SB14,BLK 406A SEMBAWANG DRIVE,MULTI-STOREY CAR PARK,ELECTRONIC PARKING,WHOLE DAY,SUN & PH FR 7AM-10.30PM,YES,13,2.15,N,1.2535020244001653,104.01503891286723
1334,SB15,BLK 358A ADMIRALTY DRIVE,MULTI-STOREY CAR PARK,ELECTRONIC PARKING,WHOLE DAY,SUN & PH FR 7AM-10.30PM,YES,16,2.15,N,1.2527588530224012,104.01159113640537
1335,SB16,BLK 339 SEMBAWANG CLOSE,MULTI-STOREY CAR PARK,ELECTRONIC PARKING,WHOLE DAY,SUN & PH FR 7AM-10.30PM,YES,11,2.15,N,1.2533795867204016,104.01095057714137
1336,SB17,BLK 504 MONTREAL DRIVE,MULTI-STOREY CAR PARK,ELECTRONIC PARKING,WHOLE DAY,SUN & PH FR 7AM-10.30PM,YES,12,2.15,N,1.2597998992096038,104.0135597210923
1337,SB18,BLK 469/469A/469B ADMIRALTY DRIVE,MULTI-STOREY CAR PARK,ELECTRONIC PARKING,WHOLE DAY,SUN & PH FR 7AM-10.30PM,YES,8,2.05,N,1.2497474888467888,104.01159487226447
1338,SB19,BLK 501 WELLINGTON CIRCLE,MULTI-STOREY CAR PARK,ELECTRONIC PARKING,WHOLE DAY,SUN & PH FR 7AM-10.30PM,YES,12,2.15,N,1.257452620196549,104.01423868726967
1339,SB2,BLK 316A SEMBAWANG VISTA,MULTI-STOREY CAR PARK,ELECTRONIC PARKING,WHOLE DAY,SUN & PH FR 7AM-10.30PM,YES,12,2.15,N,1.2565925300942142,104.00912852730144
1340,SB20,BLK 505 CANBERRA LINK,MULTI-STOREY CAR PARK,ELECTRONIC PARKING,WHOLE DAY,SUN & PH FR 7AM-10.30PM,YES,12,2.15,N,1.258610429481454,104.01292737080188
1341,SB21,BLK 467/467A/467B ADMIRALTY DRIVE,MULTI-STOREY CAR PARK,ELECTRONIC PARKING,WHOLE DAY,SUN & PH FR 7AM-10.30PM,YES,8,2.05,N,1.2502849389991495,104.01442666229192
1342,SB22,BLK 351 CANBERRA ROAD,MULTI-STOREY CAR PARK,ELECTRONIC PARKING,WHOLE DAY,SUN & PH FR 7AM-10.30PM,YES,12,2.15,N,1.2563764197475733,104.01381727131199
1343,SB23,BLK 354 ADMIRALTY DRIVE,MULTI-STOREY CAR PARK,ELECTRONIC PARKING,NO,SUN & PH FR 7AM-10.30PM,YES,12,2.15,N,1.2544652698194496,104.01269228522416
1344,SB24,BLK 506 WELLINGTON CIRCLE,MULTI-STOREY CAR PARK,ELECTRONIC PARKING,WHOLE DAY,SUN & PH FR 7AM-10.30PM,YES,12,2.15,N,1.2596402154972985,104.01505877033392
1345,SB25,BLK 588 MONTREAL DRIVE,MULTI-STOREY CAR PARK,ELECTRONIC PARKING,WHOLE DAY,SUN & PH FR 7AM-10.30PM,YES,4,2.15,N,1.2609039876873809,104.01284637198401
1346,SB26,BLK 484A ADMIRALTY LINK,MULTI-STOREY CAR PARK,ELECTRONIC PARKING,WHOLE DAY,SUN & PH FR 7AM-10.30PM,YES,12,2.15,N,1.251279296095171,104.01908020872744
1347,SB27,BLK 492A ADMIRALTY LINK,MULTI-STOREY CAR PARK,ELECTRONIC PARKING,WHOLE DAY,SUN & PH FR 7AM-10.30PM,YES,12,2.15,N,1.253465722592855,104.01923672830652
1348,SB28,BLK 482A ADMIRALTY LINK,MULTI-STOREY CAR PARK,ELECTRONIC PARKING,WHOLE DAY,SUN & PH FR 7AM-10.30PM,YES,12,2.15,N,1.2516965081740703,104.01748889896463
1349,SB29,BLK 508 WELLINGTON CIRCLE,MULTI-STOREY CAR PARK,ELECTRONIC PARKING,WHOLE DAY,SUN & PH FR 7AM-10.30PM,YES,12,2.15,N,1.25617060714954,104.01566870620786
1350,SB3,BLK 325A SEMBAWANG CRESCENT,MULTI-STOREY CAR PARK,ELECTRONIC PARKING,WHOLE DAY,SUN & PH FR 7AM-10.30PM,YES,12,2.15,N,1.254851413414717,104.00764540067844
1351,SB30,BLK 466 SEMBAWANG DRIVE,MULTI-STOREY CAR PARK,ELECTRONIC PARKING,WHOLE DAY,SUN & PH FR 7AM-10.30PM,YES,2,2.15,N,1.249584391576642,104.01808961015804
1352,SB31,BLK 463 SEMBAWANG DRIVE,MULTI-STOREY CAR PARK,ELECTRONIC PARKING,WHOLE DAY,NO,YES,6,2.15,N,1.2505741014108922,104.01814788566503
1353,SB32,BLK 591 MONTREAL LINK,MULTI-STOREY CAR PARK,ELECTRONIC PARKING,WHOLE DAY,SUN & PH FR 7AM-10.30PM,YES,8,2.15,N,1.2624406623047433,104.01302214392653
1354,SB33,BLK 592 MONTREAL LINK,MULTI-STOREY CAR PARK,ELECTRONIC PARKING,WHOLE DAY,SUN & PH FR 7AM-10.30PM,YES,13,2.15,N,1.2635667812203952,104.01386377796095
1355,SB34,BLK 462 SEMBAWANG DRIVE,SURFACE CAR PARK,ELECTRONIC PARKING,WHOLE DAY,NO,YES,0,3.8,N,1.2495661459749436,104.01727187221974
1356,SB35,BLK 120 CANBERRA CRESCENT,MULTI-STOREY CAR PARK,ELECTRONIC PARKING,WHOLE DAY,SUN & PH FR 7AM-10.30PM,YES,8,2.15,N,1.2677627783427465,104.00840219716565
1357,SB36,BLK 121 CANBERRA STREET,MULTI-STOREY CAR PARK,ELECTRONIC PARKING,WHOLE DAY,SUN & PH FR 7AM-10.30PM,YES,1,2.35,N,1.2701584768087468,104.01010902403564
1358,SB37,BLK 106 CANBERRA STREET,MULTI-STOREY CAR PARK,ELECTRONIC PARKING,WHOLE DAY,SUN & PH FR 7AM-10.30PM,YES,8,2.15,N,1.268906722940224,104.01181338088433
1359,SB38,BLK 129 CANBERRA STREET,MULTI-STOREY CAR PARK,ELECTRONIC PARKING,WHOLE DAY,SUN & PH FR 7AM-10.30PM,YES,14,2.15,N,1.2688608035253854,104.0073356727753
1360,SB39,BLK 108 CANBERRA WALK,MULTI-STOREY CAR PARK,ELECTRONIC PARKING,WHOLE DAY,SUN & PH FR 7AM-10.30PM,YES,11,2.15,N,1.2683700435185203,104.01045561464176
1361,SB4,BLK 313A SEMBAWANG DRIVE,MULTI-STOREY CAR PARK,ELECTRONIC PARKING,WHOLE DAY,SUN & PH FR 7AM-10.30PM,YES,12,2.15,N,1.257368046771846,104.00677523715383
1362,SB40,BLK 115 CANBERRA WALK,MULTI-STOREY CAR PARK,ELECTRONIC PARKING,WHOLE DAY,SUN & PH FR 7AM-10.30PM,YES,10,2.15,N,1.264845637325112,104.00875511238353
1363,SB41,BLK 361 SEMBAWANG CRESCENT,MULTI-STOREY CAR PARK,ELECTRONIC PARKING,WHOLE DAY,SUN & PH FR 7AM-10.30PM,YES,8,2.15,N,1.2497991302270977,104.00886448446549
1364,SB42,BLK 365 SEMBAWANG CRESCENT,MULTI-STOREY CAR PARK,ELECTRONIC PARKING,WHOLE DAY,SUN & PH FR 7AM-10.30PM,YES,8,2.15,N,1.2523208472176814,104.00705954554503
1365,SB43,BLK 117 CANBERRA CRESCENT,MULTI-STOREY CAR PARK,ELECTRONIC PARKING,WHOLE DAY,NO,YES,7,2.15,N,1.2660663903604523,104.00775873835359
1366,SB44,BLK 102 CANBERRA STREET,MULTI-STOREY CAR PARK,ELECTRONIC PARKING,WHOLE DAY,SUN & PH FR 7AM-10.30PM,YES,12,2.15,N,1.268253107473687,104.01447365095991
1367,SB45,BLK 132 CANBERRA VIEW,MULTI-STOREY CAR PARK,ELECTRONIC PARKING,WHOLE DAY,NO,YES,2,2.15,N,1.2669146661131538,104.00608549176718
1368,SB46,BLK 126 CANBERRA STREET,MULTI-STOREY CAR PARK,ELECTRONIC PARKING,WHOLE DAY,SUN & PH FR 7AM-10.30PM,YES,13,2.15,N,1.2705351954478792,104.00867212243863
1369,SB47,BLK 109 CANBERRA WALK,MULTI-STOREY CAR PARK,ELECTRONIC PARKING,WHOLE DAY,SUN & PH FR 7AM-10.30PM,YES,10,2.15,N,1.265896607593706,104.01126205952089
1370,SB5,BLK 322A SEMBAWANG CLOSE,MULTI-STOREY CAR PARK,ELECTRONIC PARKING,WHOLE DAY,SUN & PH FR 7AM-10.30PM,YES,12,2.15,N,1.254272035492158,104.0088020172948
1371,SB6,BLK 306A CANBERRA ROAD,MULTI-STOREY CAR PARK,COUPON PARKING,WHOLE DAY,SUN & PH FR 7AM-10.30PM,YES,6,2.15,N,1.2586581582536,104.00802866701808
1372,SB7,BLK 336A SEMBAWANG CRESCENT,MULTI-STOREY CAR PARK,ELECTRONIC PARKING,WHOLE DAY,SUN & PH FR 7AM-10.30PM,YES,12,2.15,N,1.2510611567858807,104.00930738058402
1373,SB8,BLK 330A SEMBAWANG CLOSE,MULTI-STOREY CAR PARK,ELECTRONIC PARKING,WHOLE DAY,SUN & PH FR 7AM-10.30PM,YES,12,2.15,N,1.2532950990474714,104.0097876857849
1374,SB9,BLK 335A SEMBAWANG CLOSE,MULTI-STOREY CAR PARK,ELECTRONIC PARKING,WHOLE DAY,SUN & PH FR 7AM-10.30PM,YES,12,2.15,N,1.251545936253871,104.01034243247207
1375,SDM,BLK 114A LORONG 3 GEYLANG MSCP,MULTI-STOREY CAR PARK,ELECTRONIC PARKING,WHOLE DAY,SUN & PH FR 7AM-10.30PM,YES,5,1.9,N,1.3108952333483146,103.87600627115458
1376,SDM2,BLK 50A SIMS DRIVE,MULTI-STOREY CAR PARK,ELECTRONIC PARKING,7AM-10.30PM,SUN & PH FR 7AM-10.30PM,NO,4,2.15,N,1.3149246650216195,103.87965537996956
1377,SD1,BLK 40-44 SIMS DRIVE,SURFACE CAR PARK,ELECTRONIC PARKING,WHOLE DAY,SUN & PH FR 7AM-10.30PM,YES,0,4.5,N,1.313543985402925,103.88009238476211
1378,SD10,BLK 113/114 LORONG 3 GEYLANG,SURFACE CAR PARK,COUPON PARKING,7AM-10.30PM,SUN & PH FR 7AM-10.30PM,NO,0,0.0,N,1.3105198872922967,103.87523331181515
1379,SD11,BLK 63 SIMS PLACE,SURFACE CAR PARK,ELECTRONIC PARKING,NO,NO,YES,0,0.0,N,1.3159247905655083,103.87990668611313
1380,SD2,BLK 45/50/51 SIMS DRIVE,SURFACE CAR PARK,ELECTRONIC PARKING,WHOLE DAY,NO,YES,0,4.5,N,1.314833855680185,103.88043996428931
1381,SD3,BLK 46/47/48/49 SIMS PLACE,SURFACE CAR PARK,ELECTRONIC PARKING,WHOLE DAY,SUN & PH FR 7AM-10.30PM,YES,0,4.5,N,1.3157223045688584,103.88084488208892
1382,SD4,BLK 52 SIMS PLACE,SURFACE CAR PARK,ELECTRONIC PARKING,WHOLE DAY,SUN & PH FR 7AM-10.30PM,YES,0,4.5,N,1.3167229563553398,103.88009813444478
1383,SD5,BLK 53 SIMS PLACE,SURFACE CAR PARK,ELECTRONIC PARKING,WHOLE DAY,SUN & PH FR 7AM-10.30PM,YES,0,4.5,N,1.3163938717256296,103.88128104134113
1384,SD9,BLK 114 LORONG 3 GEYLANG,SURFACE CAR PARK,ELECTRONIC PARKING,NO,NO,YES,0,4.15,N,1.3099335991321686,103.87531199154306
1385,SE1R,BLK 157 SERANGOON NORTH AVENUE 1,SURFACE CAR PARK,COUPON PARKING,7AM-10.30PM,NO,NO,0,0.0,N,1.3057436662026127,103.93457629268902
1386,SE11,BLK 151/154 SERANGOON NORTH AVENUE 1/2,SURFACE CAR PARK,ELECTRONIC PARKING,WHOLE DAY,NO,YES,0,4.5,N,1.309853950991834,103.93340050002493
1387,SE12,BLK 211-222 SERANGOON AVENUE 4,SURFACE CAR PARK,ELECTRONIC PARKING,WHOLE DAY,SUN & PH FR 7AM-10.30PM,YES,0,4.5,N,1.309522156257502,103.92109798057743
1388,SE13,BLK 223/230 SERANGOON AVENUE 4,SURFACE CAR PARK,ELECTRONIC PARKING,WHOLE DAY,SUN & PH FR 7AM-10.30PM,YES,0,4.5,N,1.3067455443413531,103.91983384952152
1389,SE14,BLK 231/237 SERANGOON AVENUE 3,SURFACE CAR PARK,ELECTRONIC PARKING,WHOLE DAY,SUN & PH FR 7AM-10.30PM,YES,0,0.0,N,1.3064019593544651,103.91782736506572
1390,SE15,BLK 238/246 SERANGOON AVENUE 3,SURFACE CAR PARK,ELECTRONIC PARKING,WHOLE DAY,NO,YES,0,4.5,N,1.3058196720686213,103.91618070146296
1391,SE16,BLK 301/319 SERANGOON AVENUE 2,SURFACE CAR PARK,ELECTRONIC PARKING,WHOLE DAY,SUN & PH FR 7AM-10.30PM,YES,0,4.5,N,1.3041186324900607,103.91590636119021
1392,SE17,BLK 321/329 SERANGOON AVENUE 3,SURFACE CAR PARK,ELECTRONIC PARKING,WHOLE DAY,NO,YES,0,0.0,N,1.3041081153032936,103.91500773084434
1393,SE18,BLK 330/335 SERANGOON AVENUE 3,SURFACE CAR PARK,ELECTRONIC PARKING,7AM-10.30PM,NO,NO,0,4.5,N,1.3068805873742466,103.91350066122078
1394,SE19,BLK 201/210 SERANGOON CENTRAL,SURFACE CAR PARK,ELECTRONIC PARKING,WHOLE DAY,NO,YES,0,0.0,N,1.3101283683187663,103.91801899897786
1395,SE2,BLK 101/108 SERANGOON NORTH AVENUE 1,SURFACE CAR PARK,COUPON PARKING,7AM-10.30PM,SUN & PH FR 7AM-10.30PM,NO,0,4.5,N,1.3069480669460276,103.93324227671329
1396,SE20,BLK 264 SERANGOON CENTRAL,MULTI-STOREY CAR PARK,ELECTRONIC PARKING,WHOLE DAY,NO,YES,2,1.9,N,1.308525812271175,103.91487194666857
1397,SE21,BLK 262/263 SERANGOON CENTRAL,SURFACE CAR PARK,ELECTRONIC PARKING,WHOLE DAY,SUN & PH FR 7AM-10.30PM,YES,0,4.5,N,1.3084424773685475,103.9167186010793
1398,SE22,BLK 261/263 SERANGOON CENTRAL,SURFACE CAR PARK,ELECTRONIC PARKING,WHOLE DAY,SUN & PH FR 7AM-10.30PM,YES,0,4.5,N,1.3085559102757038,103.91743452221313
1399,SE23,BLK 253/254 SERANGOON CENTRAL DRIVE,MULTI-STOREY CAR PARK,ELECTRONIC PARKING,WHOLE DAY,SUN & PH FR 7AM-10.30PM,YES,7,1.9,N,1.3072576933362843,103.9173283211063
1400,SE24,BLK 265 SERANGOON AVENUE 3,SURFACE CAR PARK,ELECTRONIC PARKING,WHOLE DAY,NO,YES,0,0.0,N,1.3079172478254113,103.91605111257365
1401,SE25,BLK 401/408 SERANGOON CENTRAL/AVENUE 1,SURFACE CAR PARK,ELECTRONIC PARKING,7AM-10.30PM,SUN & PH FR 7AM-10.30PM,NO,0,5.4,N,1.3091546899536481,103.90963853756867
1402,SE26,BLK 409/414 SERANGOON CENTRAL/AVENUE 1,SURFACE CAR PARK,ELECTRONIC PARKING,7AM-10.30PM,NO,NO,0,5.4,N,1.3105801349431632,103.91227301362152
1403,SE27,BLK 421/427 SERANGOON CENTRAL/AVENUE 1,SURFACE CAR PARK,ELECTRONIC PARKING,7AM-10.30PM,SUN & PH FR 7AM-10.30PM,NO,0,5.4,N,1.3127028738038422,103.91170980423375
1404,SE28,BLK 410A SERANGOON CENTRAL,MULTI-STOREY CAR PARK,ELECTRONIC PARKING,WHOLE DAY,NO,YES,10,2.0,N,1.3100602772492973,103.911511910345
1405,SE29,BLK 2A LORONG LEW LIAN,MULTI-STOREY CAR PARK,ELECTRONIC PARKING,WHOLE DAY,SUN & PH FR 7AM-10.30PM,YES,11,2.0,N,1.3122502715851834,103.91320801913477
1406,SE3,BLK 109/112 SERANGOON NORTH AVENUE 1,SURFACE CAR PARK,COUPON PARKING,7AM-10.30PM,SUN & PH FR 7AM-10.30PM,NO,0,0.0,N,1.3073408428492943,103.93242485685516
1407,SE30,BLK 141A SERANGOON NORTH AVENUE 2,MULTI-STOREY CAR PARK,ELECTRONIC PARKING,WHOLE DAY,SUN & PH FR 7AM-10.30PM,YES,10,2.0,N,1.3108941508001921,103.93105189080018
1408,SE31,BLK 514/520 SERANGOON NORTH AVENUE 4,SURFACE CAR PARK,ELECTRONIC PARKING,7AM-10.30PM,SUN & PH FR 7AM-10.30PM,NO,0,4.5,N,1.310108016368629,103.93467821278006
1409,SE32,BLK 521/530 SERANGOON NORTH AVENUE 4,SURFACE CAR PARK,ELECTRONIC PARKING,7AM-10.30PM,SUN & PH FR 7AM-10.30PM,NO,0,4.5,N,1.3087239383758555,103.93544599319141
1410,SE33,BLK 537/542 SERANGOON NORTH AVENUE 4,SURFACE CAR PARK,ELECTRONIC PARKING,7AM-10.30PM,SUN & PH FR 7AM-10.30PM,NO,0,4.5,N,1.3090369265091524,103.93731087495152
1411,SE34,BLK 531/536 SERANGOON NORTH AVENUE 4,SURFACE CAR PARK,ELECTRONIC PARKING,WHOLE DAY,SUN & PH FR 7AM-10.30PM,YES,0,4.5,N,1.311075485056365,103.93724777133369
1412,SE35,BLK 500/506B SERANGOON NORTH AVENUE 4,SURFACE CAR PARK,ELECTRONIC PARKING,7AM-10.30PM,SUN & PH FR 7AM-10.30PM,NO,0,4.5,N,1.3127056148405587,103.9362553024051
1413,SE37,BLK 519 SERANGOON NORTH AVENUE 4,SURFACE CAR PARK,ELECTRONIC PARKING,7AM-10.30PM,SUN & PH FR 7AM-10.30PM,NO,0,4.5,N,1.3113329182324378,103.93475337700832
1414,SE38,BLK 504A SERANGOON NORTH AVENUE 4,MULTI-STOREY CAR PARK,ELECTRONIC PARKING,WHOLE DAY,SUN & PH FR 7AM-10.30PM,YES,10,2.0,N,1.3121644167355013,103.93710390482599
1415,SE39,BLK 542A SERANGOON NORTH AVENUE 4,MULTI-STOREY CAR PARK,ELECTRONIC PARKING,WHOLE DAY,SUN & PH FR 7AM-10.30PM,YES,6,2.15,N,1.3081262065453958,103.93665698948418
1416,SE4,"BLK 113-125, 142-148 SERANGOON NORTH AVENUE 1",SURFACE CAR PARK,COUPON PARKING,7AM-10.30PM,SUN & PH FR 7AM-10.30PM,NO,0,4.5,N,1.308723506838949,103.93192329286781
1417,SE4S,BLK 149A SERANGOON NORTH AVENUE 1,MULTI-STOREY CAR PARK,COUPON PARKING,WHOLE DAY,NO,YES,5,2.15,N,1.3097133863955772,103.93018260939564
1418,SE4T,"BLK 113,115,117,118,120,121 SERANGOON NORTH AVENUE 1",SURFACE CAR PARK,COUPON PARKING,7AM-10.30PM,SUN & PH FR 7AM-10.30PM,NO,0,0.0,N,1.3064041542738487,103.93085315634693
1419,SE40,BLK 550A SERANGOON NORTH AVENUE 3,MULTI-STOREY CAR PARK,ELECTRONIC PARKING,WHOLE DAY,SUN & PH FR 7AM-10.30PM,YES,10,2.15,N,1.3064354863595906,103.9357003725011
1420,SE41,BLK 546A SERANGOON NORTH AVENUE 3,MULTI-STOREY CAR PARK,ELECTRONIC PARKING,WHOLE DAY,SUN & PH FR 7AM-10.30PM,YES,10,2.15,N,1.306625703469939,103.93719738731883
1421,SE42,BLK 512A SERANGOON NORTH AVENUE 4,MULTI-STOREY CAR PARK,ELECTRONIC PARKING,WHOLE DAY,SUN & PH FR 7AM-10.30PM,YES,10,2.15,N,1.3115500808198737,103.93405013019688
1422,SE43,BLK 510 SERANGOON NORTH AVENUE 4,SURFACE CAR PARK,ELECTRONIC PARKING,7AM-10.30PM,NO,NO,0,0.0,N,1.312131534073364,103.93366752747642
1423,SE5L,BLK 150 SERANGOON NORTH AVENUE 2,BASEMENT CAR PARK,ELECTRONIC PARKING,WHOLE DAY,SUN & PH FR 7AM-10.30PM,YES,0,2.15,Y,1.3117925797353192,103.93258257587368
1424,SE50,BLK 238A SERANGOON AVENUE 2,MULTI-STOREY CAR PARK,ELECTRONIC PARKING,WHOLE DAY,SUN & PH FR 7AM-10.30PM,YES,12,2.15,N,1.305014757646636,103.91718060567541
1425,SE51,BLK 257A SERANGOON CENTRAL DRIVE,MULTI-STOREY CAR PARK,ELECTRONIC PARKING,WHOLE DAY,SUN & PH FR 7AM-10.30PM,YES,7,2.15,N,1.3088111359404262,103.91848088977278
1426,SE52,NEXT TO BLK 226 SERANGOON AVENUE 4,SURFACE CAR PARK,ELECTRONIC PARKING,WHOLE DAY,NO,YES,0,0.0,N,1.3080571609972838,103.92014971924799
1427,SE53,BLK 150 SERANGOON NORTH AVENUE 2,MULTI-STOREY CAR PARK,ELECTRONIC PARKING,WHOLE DAY,SUN & PH FR 7AM-10.30PM,YES,4,2.15,N,1.3115164626863205,103.93257111839577
1428,SE54,BLK 223A SERANGOON AVENUE 4,SURFACE CAR PARK,COUPON PARKING,WHOLE DAY,NO,YES,0,0.0,N,1.3075936851021595,103.92075535701836
1429,SE6,BLK 126 SERANGOON NORTH AVENUE 1,SURFACE CAR PARK,COUPON PARKING,7AM-10.30PM,SUN & PH FR 7AM-10.30PM,NO,0,0.0,N,1.3083074804875767,103.92905047199608
1430,SE7,BLK 127 SERANGOON NORTH AVENUE 1,SURFACE CAR PARK,COUPON PARKING,WHOLE DAY,SUN & PH FR 7AM-10.30PM,YES,0,0.0,N,1.3084824967223099,103.92871497115108
1431,SE9,BLK 135/141 SERANGOON NORTH AVENUE 2,SURFACE CAR PARK,ELECTRONIC PARKING,WHOLE DAY,SUN & PH FR 7AM-10.30PM,YES,0,0.0,N,1.3109012292328637,103.93160353278496
1432,SGLM,BLK 4A SAINT GEORGE'S LANE,MULTI-STOREY CAR PARK,ELECTRONIC PARKING,WHOLE DAY,SUN & PH FR 7AM-10.30PM,YES,10,2.0,N,1.296580510623418,103.88614234112613
1433,SGTM,BLK 25A/26/26A/26B SAINT GEORGE'S LANE,MULTI-STOREY CAR PARK,ELECTRONIC PARKING,WHOLE DAY,SUN & PH FR 7AM-10.30PM,YES,8,2.15,N,1.2992054694597384,103.88551876895266
1434,SG1,BLK 1/3/8 SAINT GEORGE ROAD,SURFACE CAR PARK,ELECTRONIC PARKING,WHOLE DAY,SUN & PH FR 7AM-10.30PM,YES,0,4.5,N,1.2973628083608209,103.88670437485713
1435,SG2,BLK 14/19 SAINT GEORGE RD,SURFACE CAR PARK,ELECTRONIC PARKING,WHOLE DAY,SUN & PH FR 7AM-10.30PM,YES,0,4.5,N,1.2985763162816997,103.88758690360018
1436,SG3,BLK 20/23 SAINT GEORGE ROAD,SURFACE CAR PARK,ELECTRONIC PARKING,WHOLE DAY,SUN & PH FR 7AM-10.30PM,YES,0,4.5,N,1.2985406782752602,103.88861102924393
1437,SG4,BLK 9/11 SAINT GEORGE ROAD,SURFACE CAR PARK,ELECTRONIC PARKING,WHOLE DAY,SUN & PH FR 7AM-10.30PM,YES,0,4.5,N,1.2994736420628368,103.886783749816
1438,SH1,BLK 301-313 SHUNFU ROAD,SURFACE CAR PARK,ELECTRONIC PARKING,7AM-10.30PM,SUN & PH FR 7AM-10.30PM,NO,0,4.5,N,1.274506438904057,103.91404328373405
1439,SH2,BLK 320 SHUNFU ROAD,MULTI-STOREY CAR PARK,ELECTRONIC PARKING,WHOLE DAY,SUN & PH FR 7AM-10.30PM,YES,4,2.15,N,1.273169034951159,103.91525570959375
1440,SIM1,BLK 115 SIMEI STREET 1,MULTI-STOREY CAR PARK,ELECTRONIC PARKING,WHOLE DAY,SUN & PH FR 7AM-10.30PM,YES,5,1.9,N,1.3873873284656981,103.90651788832679
1441,SIM2,BLK 125 SIMEI STREET 1,MULTI-STOREY CAR PARK,ELECTRONIC PARKING,WHOLE DAY,SUN & PH FR 7AM-10.30PM,YES,9,1.9,N,1.3908753560063378,103.90944126322772
1442,SIM3,BLK 166 SIMEI ROAD MSCP,MULTI-STOREY CAR PARK,ELECTRONIC PARKING,WHOLE DAY,SUN & PH FR 7AM-10.30PM,YES,5,1.9,N,1.395149430529997,103.90871003965243
1443,SIM4,BLK 248 SIMEI STREET 5,MULTI-STOREY CAR PARK,ELECTRONIC PARKING,WHOLE DAY,SUN & PH FR 7AM-10.30PM,YES,7,1.9,N,1.3904998572193734,103.90694403286034
1444,SIM5,BLK 256A SIMEI STREET 1,MULTI-STOREY CAR PARK,ELECTRONIC PARKING,WHOLE DAY,NO,YES,10,2.15,N,1.3892258610319272,103.90588485789047
1445,SIM6,BLK 168 SIMEI LANE,MULTI-STOREY CAR PARK,ELECTRONIC PARKING,7AM-10.30PM,NO,NO,2,2.15,N,1.3959321125033046,103.90632175279008
1446,SI1,BLK 101/107 SIMEI STREET 1,SURFACE CAR PARK,ELECTRONIC PARKING,WHOLE DAY,SUN & PH FR 7AM-10.30PM,YES,0,4.5,N,1.3882571292197052,103.90447600047922
1447,SI10,BLK 148 - 154 SIMEI STREET 1,SURFACE CAR PARK,ELECTRONIC PARKING,7AM-10.30PM,SUN & PH FR 7AM-10.30PM,NO,0,5.4,N,1.394099637389496,103.9089084771287
1448,SI11,BLK 155/162 SIMEI ROAD,SURFACE CAR PARK,ELECTRONIC PARKING,WHOLE DAY,SUN & PH FR 7AM-10.30PM,YES,0,0.0,N,1.3962551901065363,103.9085137873506
1449,SI12,BLK 163/165 SIMEI ROAD,SURFACE CAR PARK,ELECTRONIC PARKING,WHOLE DAY,SUN & PH FR 7AM-10.30PM,YES,0,3.8,N,1.3959164619407913,103.90920699284825
1450,SI13,BLK 221/235 SIMEI STREET 4,SURFACE CAR PARK,ELECTRONIC PARKING,7AM-10.30PM,SUN & PH FR 7AM-10.30PM,NO,0,4.5,N,1.3940880501478157,103.90534081997644
1451,SI14,BLK 142/145 SIMEI STREET 2,SURFACE CAR PARK,COUPON PARKING,7AM-10.30PM,NO,NO,0,0.0,N,1.3915786083316228,103.90861621527655
1452,SI2,BLK 108/119 SIMEI STREET 1,SURFACE CAR PARK,ELECTRONIC PARKING,WHOLE DAY,SUN & PH FR 7AM-10.30PM,YES,0,4.5,N,1.3888585295233389,103.90735951448816
1453,SI3,BLK 117/119 SIMEI STREET 1,SURFACE CAR PARK,ELECTRONIC PARKING,WHOLE DAY,SUN & PH FR 7AM-10.30PM,YES,0,0.0,N,1.3889695616049473,103.9079098656706
1454,SI4,BLK 120/122 SIMEI STREET 1,SURFACE CAR PARK,ELECTRONIC PARKING,WHOLE DAY,SUN & PH FR 7AM-10.30PM,YES,0,4.5,N,1.389220089084512,103.90819927008982
1455,SI5,BLK 120/130 SIMEI STREET 1,SURFACE CAR PARK,ELECTRONIC PARKING,WHOLE DAY,SUN & PH FR 7AM-10.30PM,YES,0,4.5,N,1.3909199852876717,103.9090825776853
1456,SI6,BLK 132 SIMEI STREET 1,SURFACE CAR PARK,ELECTRONIC PARKING,WHOLE DAY,SUN & PH FR 7AM-10.30PM,YES,0,0.0,N,1.392592063182061,103.91023168060403
1457,SI7,BLK 132 - 139 SIMEI STREET 1,SURFACE CAR PARK,ELECTRONIC PARKING,WHOLE DAY,SUN & PH FR 7AM-10.30PM,YES,0,5.4,N,1.3932630979278873,103.91075621961097
1458,SI8,BLK 138 SIMEI STREET 1,SURFACE CAR PARK,ELECTRONIC PARKING,WHOLE DAY,SUN & PH FR 7AM-10.30PM,YES,0,0.0,N,1.3940983741765909,103.91053732077697
1459,SI9,BLK 141/147 SIMEI STREET 2,SURFACE CAR PARK,ELECTRONIC PARKING,WHOLE DAY,SUN & PH FR 7AM-10.30PM,YES,0,0.0,N,1.3924049859832648,103.90911239315561
1460,SK1,BLK 133A RIVERVALE STREET,MULTI-STOREY CAR PARK,ELECTRONIC PARKING,WHOLE DAY,SUN & PH FR 7AM-10.30PM,YES,12,2.15,N,1.3407989081849043,103.95147693479693
1461,SK1K,BLK 272A SENGKANG CENTRAL,SURFACE CAR PARK,COUPON PARKING,WHOLE DAY,NO,YES,0,0.0,N,1.3298939674209391,103.94771472002354
1462,SK10,BLK 241A COMPASSVALE WALK,MULTI-STOREY CAR PARK,ELECTRONIC PARKING,WHOLE DAY,SUN & PH FR 7AM-10.30PM,YES,12,2.15,N,1.3348291430357537,103.95331137655785
1463,SK11,BLK 226D COMPASSVALE WALK,MULTI-STOREY CAR PARK,ELECTRONIC PARKING,WHOLE DAY,SUN & PH FR 7AM-10.30PM,YES,12,2.15,N,1.336064634031657,103.95146258383747
1464,SK12,BLK 103A RIVERVALE WALK,MULTI-STOREY CAR PARK,ELECTRONIC PARKING,WHOLE DAY,SUN & PH FR 7AM-10.30PM,YES,12,2.15,N,1.3372672741363631,103.94629437412473
1465,SK13,BLK 228D COMPASSVALE WALK,MULTI-STOREY CAR PARK,ELECTRONIC PARKING,WHOLE DAY,SUN & PH FR 7AM-10.30PM,YES,12,2.15,N,1.3373530045238626,103.95123508148113
1466,SK14,BLK 142A RIVERVALE DRIVE,MULTI-STOREY CAR PARK,ELECTRONIC PARKING,WHOLE DAY,SUN & PH FR 7AM-10.30PM,YES,12,2.15,N,1.3419761810734323,103.95286583058915
1467,SK15,BLK 256A COMPASSVALE ROAD,MULTI-STOREY CAR PARK,ELECTRONIC PARKING,WHOLE DAY,SUN & PH FR 7AM-10.30PM,YES,13,2.15,N,1.336135384568878,103.95662985366869
1468,SK16,BLK 111A RIVERVALE WALK,MULTI-STOREY CAR PARK,ELECTRONIC PARKING,WHOLE DAY,SUN & PH FR 7AM-10.30PM,YES,12,2.15,N,1.3375145441503349,103.94681922521127
1469,SK17,BLK 248A COMPASSVALE ROAD,MULTI-STOREY CAR PARK,ELECTRONIC PARKING,WHOLE DAY,SUN & PH FR 7AM-10.30PM,YES,13,2.15,N,1.3353027572947465,103.95585236211059
1470,SK18,BLK 188E RIVERVALE DRIVE,MULTI-STOREY CAR PARK,ELECTRONIC PARKING,WHOLE DAY,SUN & PH FR 7AM-10.30PM,YES,12,2.15,N,1.3411843936635761,103.95769847748802
1471,SK19,BLK 190C RIVERVALE DRIVE,MULTI-STOREY CAR PARK,ELECTRONIC PARKING,WHOLE DAY,SUN & PH FR 7AM-10.30PM,YES,9,2.15,N,1.3390478951960103,103.95779198407972
1472,SK2,BLK 236A COMPASSVALE WALK,MULTI-STOREY CAR PARK,ELECTRONIC PARKING,WHOLE DAY,SUN & PH FR 7AM-10.30PM,YES,12,2.15,N,1.3367193411995275,103.95333078539606
1473,SK20,BLK 191C RIVERVALE DRIVE,MULTI-STOREY CAR PARK,ELECTRONIC PARKING,WHOLE DAY,SUN & PH FR 7AM-10.30PM,YES,10,2.15,N,1.3405000786778971,103.95711835224475
1474,SK21,BLK 117D RIVERVALE DRIVE,MULTI-STOREY CAR PARK,ELECTRONIC PARKING,WHOLE DAY,SUN & PH FR 7AM-10.30PM,YES,12,2.15,N,1.3397339017374166,103.94592570101341
1475,SK22,BLK 122F RIVERVALE DRIVE,MULTI-STOREY CAR PARK,ELECTRONIC PARKING,WHOLE DAY,SUN & PH FR 7AM-10.30PM,YES,13,2.15,N,1.341853690994794,103.9502918626673
1476,SK23,BLK 121E SENGKANG EAST WAY,MULTI-STOREY CAR PARK,ELECTRONIC PARKING,WHOLE DAY,SUN & PH FR 7AM-10.30PM,YES,13,2.15,N,1.3427387026946638,103.94929728222073
1477,SK24,BLK 185 RIVERVALE CRESCENT,MULTI-STOREY CAR PARK,ELECTRONIC PARKING,WHOLE DAY,SUN & PH FR 7AM-10.30PM,YES,12,2.15,N,1.343405382849025,103.95674026267415
1478,SK25,BLK 257 COMPASSVALE ROAD,MULTI-STOREY CAR PARK,ELECTRONIC PARKING,WHOLE DAY,SUN & PH FR 7AM-10.30PM,YES,12,2.15,N,1.3345468943240166,103.95595124395727
1479,SK26,BLK 259 COMPASSVALE ROAD,MULTI-STOREY CAR PARK,ELECTRONIC PARKING,WHOLE DAY,NO,YES,12,2.15,N,1.3331406751214225,103.95654069728802
1480,SK27,BLK 119 RIVERVALE DRIVE,BASEMENT CAR PARK,ELECTRONIC PARKING,WHOLE DAY,SUN & PH FR 7AM-10.30PM,YES,3,2.15,Y,1.3400671495888352,103.94793845384733
1481,SK28,BLK 203 COMPASSVALE ROAD,MULTI-STOREY CAR PARK,ELECTRONIC PARKING,WHOLE DAY,SUN & PH FR 7AM-10.30PM,YES,12,2.15,N,1.3324790772615165,103.95007681084506
1482,SK29,BLK 204 COMPASSVALE DRIVE,MULTI-STOREY CAR PARK,ELECTRONIC PARKING,WHOLE DAY,SUN & PH FR 7AM-10.30PM,YES,12,2.15,N,1.3319648861919262,103.95108411482717
1483,SK3,BLK 205D COMPASSVALE LANE,MULTI-STOREY CAR PARK,ELECTRONIC PARKING,WHOLE DAY,SUN & PH FR 7AM-10.30PM,YES,12,2.15,N,1.3340140804038942,103.94911858017582
1484,SK30,BLK 260 SENGKANG EAST WAY,MULTI-STOREY CAR PARK,ELECTRONIC PARKING,WHOLE DAY,SUN & PH FR 7AM-10.30PM,YES,12,2.15,N,1.3324187150003246,103.95674482198359
1485,SK31,BLK 195A RIVERVALE DRIVE,MULTI-STOREY CAR PARK,ELECTRONIC PARKING,WHOLE DAY,SUN & PH FR 7AM-10.30PM,YES,12,2.15,N,1.3391866291810737,103.95623701397983
1486,SK32,BLK 200 SENGKANG EAST ROAD,MULTI-STOREY CAR PARK,ELECTRONIC PARKING,WHOLE DAY,SUN & PH FR 7AM-10.30PM,YES,13,2.15,N,1.3287185798110321,103.95072199128117
1487,SK33,BLK 201 SENGKANG EAST ROAD,MULTI-STOREY CAR PARK,ELECTRONIC PARKING,WHOLE DAY,SUN & PH FR 7AM-10.30PM,YES,13,2.15,N,1.3289553713798794,103.95139083982616
1488,SK34,BLK 299 COMPASSVALE STREET,MULTI-STOREY CAR PARK,ELECTRONIC PARKING,WHOLE DAY,SUN & PH FR 7AM-10.30PM,YES,13,2.15,N,1.33858749077317,103.95968739521982
1489,SK35,BLK 297 COMPASSVALE STREET,MULTI-STOREY CAR PARK,ELECTRONIC PARKING,WHOLE DAY,SUN & PH FR 7AM-10.30PM,YES,13,2.15,N,1.3364466391745722,103.95820939757859
1490,SK36,BLK 301 ANCHORVALE DRIVE,MULTI-STOREY CAR PARK,ELECTRONIC PARKING,WHOLE DAY,SUN & PH FR 7AM-10.30PM,YES,12,2.15,N,1.3280912351111436,103.95190935112187
1491,SK37,BLK 303 ANCHORVALE LINK,MULTI-STOREY CAR PARK,ELECTRONIC PARKING,WHOLE DAY,SUN & PH FR 7AM-10.30PM,YES,12,2.15,N,1.327152859396512,103.95051353133682
1492,SK38,BLK 261 COMPASSVALE STREET,MULTI-STOREY CAR PARK,ELECTRONIC PARKING,WHOLE DAY,SUN & PH FR 7AM-10.30PM,YES,13,2.15,N,1.331259350610782,103.95779478316602
1493,SK39,BLK 291 COMPASSVALE STREET,MULTI-STOREY CAR PARK,ELECTRONIC PARKING,WHOLE DAY,SUN & PH FR 7AM-10.30PM,YES,12,2.15,N,1.334652922173015,103.95926942523897
1494,SK4,BLK 102A RIVERVALE WALK,MULTI-STOREY CAR PARK,ELECTRONIC PARKING,WHOLE DAY,SUN & PH FR 7AM-10.30PM,YES,12,2.15,N,1.3366675478515928,103.9452327292616
1495,SK40,BLK 306 ANCHORVALE LINK,MULTI-STOREY CAR PARK,ELECTRONIC PARKING,WHOLE DAY,SUN & PH FR 7AM-10.30PM,YES,12,2.15,N,1.3249331881602215,103.95349221301117
1496,SK41,BLK 305 ANCHORVALE LINK,MULTI-STOREY CAR PARK,ELECTRONIC PARKING,WHOLE DAY,SUN & PH FR 7AM-10.30PM,YES,12,2.15,N,1.3243020348100445,103.95178441227188
1497,SK42,BLK 304 ANCHORVALE LINK,MULTI-STOREY CAR PARK,ELECTRONIC PARKING,WHOLE DAY,SUN & PH FR 7AM-10.30PM,YES,13,2.15,N,1.3258690590455373,103.95094122769083
1498,SK43,BLK 290 COMPASSVALE CRESCENT,MULTI-STOREY CAR PARK,ELECTRONIC PARKING,WHOLE DAY,SUN & PH FR 7AM-10.30PM,YES,12,2.15,N,1.3337674964892399,103.95947555543825
1499,SK44,BLK 308 ANCHORVALE ROAD,MULTI-STOREY CAR PARK,ELECTRONIC PARKING,WHOLE DAY,SUN & PH FR 7AM-10.30PM,YES,12,2.15,N,1.32289713669967,103.95254580488673
1500,SK45,BLK 295 COMPASSVALE CRESCENT,MULTI-STOREY CAR PARK,ELECTRONIC PARKING,WHOLE DAY,SUN & PH FR 7AM-10.30PM,YES,12,2.15,N,1.3353339456431406,103.96060080100483
1501,SK46,BLK 312 ANCHORVALE LANE,MULTI-STOREY CAR PARK,ELECTRONIC PARKING,WHOLE DAY,SUN & PH FR 7AM-10.30PM,YES,6,2.15,N,1.3216198545238553,103.95523315460657
1502,SK47,BLK 310 ANCHORVALE ROAD,MULTI-STOREY CAR PARK,ELECTRONIC PARKING,WHOLE DAY,SUN & PH FR 7AM-10.30PM,YES,6,2.15,N,1.3216913834125097,103.95340391726957
1503,SK48,BLK 321 ANCHORVALE DRIVE,MULTI-STOREY CAR PARK,ELECTRONIC PARKING,WHOLE DAY,SUN & PH FR 7AM-10.30PM,YES,12,2.15,N,1.328057595497186,103.95325130709743
1504,SK49,BLK 319 ANCHORVALE DRIVE,MULTI-STOREY CAR PARK,ELECTRONIC PARKING,WHOLE DAY,SUN & PH FR 7AM-10.30PM,YES,12,2.15,N,1.326998760901391,103.95355819988117
1505,SK5,BLK 124D RIVERVALE DRIVE,MULTI-STOREY CAR PARK,ELECTRONIC PARKING,WHOLE DAY,SUN & PH FR 7AM-10.30PM,YES,12,2.15,N,1.339367406459287,103.95074279526888
1506,SK50,BLK 323 SENGKANG EAST WAY,MULTI-STOREY CAR PARK,ELECTRONIC PARKING,WHOLE DAY,SUN & PH FR 7AM-10.30PM,YES,12,2.15,N,1.3291175799629689,103.95630243937957
1507,SK51,BLK 325 SENGKANG EAST WAY,MULTI-STOREY CAR PARK,ELECTRONIC PARKING,WHOLE DAY,SUN & PH FR 7AM-10.30PM,YES,12,2.15,N,1.328025394400437,103.95663785203286
1508,SK52,"BLK 318,316A-316C ANCHORVALE LINK",MULTI-STOREY CAR PARK,ELECTRONIC PARKING,WHOLE DAY,SUN & PH FR 7AM-10.30PM,YES,6,2.15,N,1.3265375717886256,103.95572863828599
1509,SK53,"BLK 313,315A-315C ANCHORVALE ROAD",MULTI-STOREY CAR PARK,ELECTRONIC PARKING,WHOLE DAY,SUN & PH FR 7AM-10.30PM,YES,6,2.15,N,1.3238970525522096,103.95559029078586
1510,SK54,BLK 184 RIVERVALE CRESCENT,MULTI-STOREY CAR PARK,ELECTRONIC PARKING,WHOLE DAY,SUN & PH FR 7AM-10.30PM,YES,11,2.15,N,1.3449705158966325,103.95509170002072
1511,SK55,BLK 160 RIVERVALE CRESCENT,MULTI-STOREY CAR PARK,ELECTRONIC PARKING,WHOLE DAY,SUN & PH FR 7AM-10.30PM,YES,7,2.15,N,1.3444241745609224,103.95021256572534
1512,SK58,BLK 413 FERNVALE LINK,MULTI-STOREY CAR PARK,ELECTRONIC PARKING,WHOLE DAY,SUN & PH FR 7AM-10.30PM,YES,9,2.15,N,1.314676275071855,103.95249591272476
1513,SK59,BLK 263 COMPASSVALE STREET,SURFACE CAR PARK,ELECTRONIC PARKING,WHOLE DAY,NO,YES,0,0.0,N,1.3324194976625634,103.95844763939353
1514,SK6,BLK 233A COMPASSVALE WALK,MULTI-STOREY CAR PARK,ELECTRONIC PARKING,WHOLE DAY,SUN & PH FR 7AM-10.30PM,YES,12,2.15,N,1.3375479226443634,103.95252000687371
1515,SK60,BLK 404 FERNVALE LANE,MULTI-STOREY CAR PARK,ELECTRONIC PARKING,WHOLE DAY,SUN & PH FR 7AM-10.30PM,YES,10,2.15,N,1.309692439562207,103.95082129114611
1516,SK61,BLK 406 FERNVALE ROAD,MULTI-STOREY CAR PARK,ELECTRONIC PARKING,WHOLE DAY,SUN & PH FR 7AM-10.30PM,YES,15,2.15,N,1.3112796652779797,103.95123665830302
1517,SK62,BLK 408 FERNVALE ROAD,MULTI-STOREY CAR PARK,ELECTRONIC PARKING,WHOLE DAY,SUN & PH FR 7AM-10.30PM,YES,9,2.15,N,1.3131741534856676,103.95193748847056
1518,SK63,BLK 208 COMPASSVALE LANE,MULTI-STOREY CAR PARK,ELECTRONIC PARKING,WHOLE DAY,SUN & PH FR 7AM-10.30PM,YES,12,2.15,N,1.3345692253146846,103.94713387925532
1519,SK64,BLK 269 COMPASSVALE LINK,MULTI-STOREY CAR PARK,ELECTRONIC PARKING,WHOLE DAY,SUN & PH FR 7AM-10.30PM,YES,12,2.15,N,1.3323197254873624,103.94747588091916
1520,SK65,BLK 267 COMPASSVALE LINK,MULTI-STOREY CAR PARK,ELECTRONIC PARKING,WHOLE DAY,SUN & PH FR 7AM-10.30PM,YES,13,2.15,N,1.3335915570650136,103.94673694696759
1521,SK66,BLK 156A RIVERVALE CRESCENT,MULTI-STOREY CAR PARK,ELECTRONIC PARKING,WHOLE DAY,SUN & PH FR 7AM-10.30PM,YES,12,2.14,N,1.3435875028016013,103.95470587759118
1522,SK67,BLK 266 COMPASSVALE BOW,MULTI-STOREY CAR PARK,ELECTRONIC PARKING,WHOLE DAY,SUN & PH FR 7AM-10.30PM,YES,9,2.15,N,1.3336821470079658,103.94504858182091
1523,SK68,BLK 275 COMPASSVALE LINK,BASEMENT CAR PARK,ELECTRONIC PARKING,7AM-10.30PM,NO,NO,1,2.15,Y,1.3308103507490372,103.94615868819182
1524,SK69,BLK 437 FERNVALE ROAD,MULTI-STOREY CAR PARK,ELECTRONIC PARKING,7AM-10.30PM,NO,NO,8,2.15,N,1.3127859956547585,103.95553760341237
1525,SK7,BLK 224E COMPASSVALE WALK,MULTI-STOREY CAR PARK,ELECTRONIC PARKING,WHOLE DAY,SUN & PH FR 7AM-10.30PM,YES,12,2.15,N,1.334582807442483,103.95212421653503
1526,SK70,BLK 273 COMPASSVALE LINK,BASEMENT CAR PARK,ELECTRONIC PARKING,7AM-10.30PM,NO,NO,1,2.15,Y,1.3313132627675848,103.94738113686405
1527,SK71,BLK 277 COMPASSVALE LINK,BASEMENT CAR PARK,ELECTRONIC PARKING,7AM-10.30PM,NO,NO,1,2.15,Y,1.3307558861678972,103.94517711221225
1528,SK72,BLK 272 SENGKANG CENTRAL,BASEMENT CAR PARK,ELECTRONIC PARKING,7AM-10.30PM,NO,NO,1,2.15,Y,1.330453674655439,103.9482212903918
1529,SK73,BLK 270 SENGKANG CENTRAL,MULTI-STOREY CAR PARK,ELECTRONIC PARKING,7AM-10.30PM,NO,NO,10,2.15,N,1.330812386352172,103.94918562816997
1530,SK74,BLK 439 SENGKANG WEST AVENUE,MULTI-STOREY CAR PARK,ELECTRONIC PARKING,7AM-10.30PM,NO,NO,9,2.15,N,1.314056314277896,103.9552020269036
1531,SK75,BLK 441 FERNVALE ROAD,MULTI-STOREY CAR PARK,ELECTRONIC PARKING,7AM-10.30PM,NO,NO,3,2.15,N,1.3115551211976209,103.95464716260027
1532,SK76,BLK 210 COMPASSVALE LANE,MULTI-STOREY CAR PARK,ELECTRONIC PARKING,7AM-10.30PM,NO,NO,12,2.15,N,1.33671408977756,103.94840687467344
1533,SK77,BLK 410 FERNVALE ROAD,MULTI-STOREY CAR PARK,ELECTRONIC PARKING,7AM-10.30PM,NO,NO,8,2.15,N,1.312986131399877,103.95336116009884
1534,SK78,BLK 443 FERNVALE ROAD,MULTI-STOREY CAR PARK,ELECTRONIC PARKING,7AM-10.30PM,SUN & PH FR 7AM-10.30PM,NO,8,2.15,N,1.3105077218440344,103.9547204165259
1535,SK79,BLK 212 COMPASSVALE DRIVE,COVERED CAR PARK,ELECTRONIC PARKING,7AM-10.30PM,NO,NO,1,2.15,N,1.336644825582887,103.94920876736592
1536,SK8,BLK 126A RIVERVALE STREET,MULTI-STOREY CAR PARK,ELECTRONIC PARKING,WHOLE DAY,SUN & PH FR 7AM-10.30PM,YES,12,2.15,N,1.338806732282017,103.95288380259933
1537,SK80,BLK 434 FERNVALE ROAD,MULTI-STOREY CAR PARK,ELECTRONIC PARKING,WHOLE DAY,NO,YES,8,2.15,N,1.3129791114898806,103.95694427908745
1538,SK81,BLK 446 JALAN KAYU,MULTI-STOREY CAR PARK,ELECTRONIC PARKING,7AM-10.30PM,NO,NO,2,2.15,N,1.3097080550328317,103.95506178165233
1539,SK82,BLK 182 RIVERVALE CRESCENT,SURFACE CAR PARK,ELECTRONIC PARKING,7AM-10.30PM,NO,NO,0,0.0,N,1.3456812638878595,103.9538869944001
1540,SK83,BLK 450 SENGKANG WEST WAY,MULTI-STOREY CAR PARK,ELECTRONIC PARKING,7AM-10.30PM,NO,NO,7,2.15,N,1.3098381058947588,103.95720976406426
1541,SK84,BLK 180 RIVERVALE CRESCENT,MULTI-STOREY CAR PARK,ELECTRONIC PARKING,WHOLE DAY,SUN & PH FR 7AM-10.30PM,YES,16,2.15,N,1.3467162528635166,103.95294835840585
1542,SK85,BLK 430 FERNVALE LINK,MULTI-STOREY CAR PARK,ELECTRONIC PARKING,WHOLE DAY,SUN & PH FR 7AM-10.30PM,YES,12,2.15,N,1.3146007037439573,103.95726059829371
1543,SK86,BLK 432 SENGKANG WEST WAY,MULTI-STOREY CAR PARK,ELECTRONIC PARKING,7AM-10.30PM,NO,NO,8,2.15,N,1.3136170966453073,103.95740057680031
1544,SK87,BLK 448 SENGKANG WEST WAY,MULTI-STOREY CAR PARK,ELECTRONIC PARKING,7AM-10.30PM,NO,NO,7,2.15,N,1.309553231171409,103.95617903299784
1545,SK88,BLK 451 SENGKANG WEST WAY,MULTI-STOREY CAR PARK,ELECTRONIC PARKING,WHOLE DAY,NO,YES,11,2.15,N,1.3105414315798458,103.95704258896323
1546,SK89,BLK 326 ANCHORVALE ROAD,MULTI-STOREY CAR PARK,ELECTRONIC PARKING,WHOLE DAY,NO,YES,12,2.15,N,1.3250783813012543,103.95788671748393
1547,SK9,BLK 146A RIVERVALE CRESCENT,MULTI-STOREY CAR PARK,ELECTRONIC PARKING,WHOLE DAY,SUN & PH FR 7AM-10.30PM,YES,12,2.15,N,1.342564298661604,103.95385859267223
1548,SK90,BLK 332 ANCHORVALE LINK,MULTI-STOREY CAR PARK,ELECTRONIC PARKING,WHOLE DAY,SUN & PH FR 7AM-10.30PM,YES,12,2.15,N,1.3289127885401735,103.95786987540737
1549,SK91,BLK 281 SENGKANG EAST AVENUE,MULTI-STOREY CAR PARK,ELECTRONIC PARKING,WHOLE DAY,SUN & PH FR 7AM-10.30PM,YES,14,2.15,N,1.3280454871508394,103.94860091037656
1550,SK92,BLK 279 SENGKANG EAST AVENUE,MULTI-STOREY CAR PARK,ELECTRONIC PARKING,WHOLE DAY,SUN & PH FR 7AM-10.30PM,YES,11,2.15,N,1.3294743509575393,103.94924298155395
1551,SK93,BLK 453 FERNVALE ROAD,MULTI-STOREY CAR PARK,ELECTRONIC PARKING,WHOLE DAY,SUN & PH FR 7AM-10.30PM,YES,12,2.15,N,1.3118275453316226,103.95697388898235
1552,SK94,BLK 329 ANCHORVALE STREET,MULTI-STOREY CAR PARK,ELECTRONIC PARKING,WHOLE DAY,SUN & PH FR 7AM-10.30PM,YES,14,2.15,N,1.3258801088646432,103.9593727227884
1553,SK95,BLK 334 ANCHORVALE CRESCENT,MULTI-STOREY CAR PARK,ELECTRONIC PARKING,WHOLE DAY,SUN & PH FR 7AM-10.30PM,YES,12,2.15,N,1.3263957727393774,103.96096755147809
1554,SK96,BLK 440 FERNVALE LINK,MULTI-STOREY CAR PARK,ELECTRONIC PARKING,WHOLE DAY,SUN & PH FR 7AM-10.30PM,YES,10,2.15,N,1.314715199142202,103.95594225947936
1555,SK97,BLK 350 ANCHORVALE ROAD,SURFACE CAR PARK,ELECTRONIC PARKING,7AM-10.30PM,NO,NO,0,3.8,N,1.3227568562326504,103.95589022252317
1556,SK98,BLK 414 FERNVALE LINK,COVERED CAR PARK,ELECTRONIC PARKING,WHOLE DAY,SUN & PH FR 7AM-10.30PM,YES,1,2.15,N,1.3165590544318189,103.9526989878536
1557,SK99,BLK 468 FERNVALE LINK,MULTI-STOREY CAR PARK,ELECTRONIC PARKING,WHOLE DAY,SUN & PH FR 7AM-10.30PM,YES,12,2.15,N,1.3150214210948372,103.96009342879432
1558,SLS,BLK 4 SAGO LANE CAR PARK,SURFACE CAR PARK,ELECTRONIC PARKING,WHOLE DAY,NO,YES,0,4.5,N,1.2792175812525985,103.84541936651199
1559,SL1,BLK 2 EAST COAST ROAD,SURFACE CAR PARK,COUPON PARKING,WHOLE DAY,NO,YES,0,0.0,N,1.3603942702222707,103.87531576511942
1560,SL2,BLK 3 EAST COAST ROAD,SURFACE CAR PARK,COUPON PARKING,WHOLE DAY,NO,YES,0,0.0,N,1.3599132654860124,103.87509072881335
1561,SMM,BLK 53A STRATHMORE AVENUE,MULTI-STOREY CAR PARK,ELECTRONIC PARKING,WHOLE DAY,SUN & PH FR 7AM-10.30PM,YES,14,2.15,N,1.2435933238882317,103.85699074639275
1562,SMML,BLK 50/51 STRATHMORE AVENUE,SURFACE CAR PARK,ELECTRONIC PARKING,NO,NO,NO,0,0.0,N,1.244713410051763,103.8572761946571
1563,SM1,BLK 22 SIN MING ROAD,SURFACE CAR PARK,ELECTRONIC PARKING,WHOLE DAY,SUN & PH FR 7AM-10.30PM,YES,0,0.0,N,1.2755434454273489,103.92117024330508
1564,SM2,BLK 23/24 SIN MING ROAD,SURFACE CAR PARK,COUPON PARKING,WHOLE DAY,SUN & PH FR 7AM-10.30PM,YES,0,0.0,N,1.2725367917505392,103.91813453921328
1565,SM3,BLK 25 SIN MING ROAD,SURFACE CAR PARK,ELECTRONIC PARKING,WHOLE DAY,SUN & PH FR 7AM-10.30PM,YES,0,0.0,N,1.2752802755425936,103.91797799891519
1566,SM5,"BLK 1-21, 27-36 SIN MING INDUSTRIAL ESTATE",SURFACE CAR PARK,COUPON PARKING,7AM-10.30PM,SUN & PH FR 7AM-10.30PM,NO,0,0.0,N,1.2745024021259763,103.92201404202291
1567,SM6,BLK 37/39 SIN MING DRIVE,SURFACE CAR PARK,COUPON PARKING,7AM-10.30PM,SUN & PH FR 7AM-10.30PM,NO,0,0.0,N,1.2741291965790191,103.92460975895011
1568,SM8,BLK 22A SIN MING ROAD,MULTI-STOREY CAR PARK,ELECTRONIC PARKING,WHOLE DAY,SUN & PH FR 7AM-10.30PM,YES,3,2.15,N,1.2752468269122141,103.9205834825152
1569,SM9,BLK 24A SIN MING ROAD,MULTI-STOREY CAR PARK,ELECTRONIC PARKING,WHOLE DAY,SUN & PH FR 7AM-10.30PM,YES,2,2.15,N,1.273042041754077,103.91876299889267
1570,SPM,BLK 108 SPOTTISWOODE PARK MSCP,MULTI-STOREY CAR PARK,ELECTRONIC PARKING,WHOLE DAY,SUN & PH FR 7AM-10.30PM,YES,5,1.9,N,1.2718245951905427,103.83771929101319
1571,SPS,BLK 101/102 SPOTTISWOODE PARK CAR PARK,SURFACE CAR PARK,ELECTRONIC PARKING,WHOLE DAY,SUN & PH FR 7AM-10.30PM,YES,0,3.5,N,1.272369571426421,103.83888139734869
1572,SRS,BLK 1-2 SPOONER ROAD,SURFACE CAR PARK,COUPON PARKING,WHOLE DAY,NO,YES,0,0.0,N,1.2667254564270236,103.8393175981231
1573,SR1,BLK 10 SELEGIE ROAD CAR PARK,SURFACE CAR PARK,COUPON PARKING,WHOLE DAY,NO,YES,0,4.5,N,1.287137007707108,103.86719350073494
1574,SR2,"BLK 8, 9 SELEGIE ROAD CAR PARK",SURFACE CAR PARK,COUPON PARKING,NO,NO,NO,0,0.0,N,1.287369452269408,103.86676860380693
1575,SS1L,BLK 338A ANCHORVALE CRESCENT,SURFACE CAR PARK,ELECTRONIC PARKING,NO,NO,NO,0,0.0,N,1.3257639445280047,103.96204338771304
1576,STAM,BLK 56A STRATHMORE AVENUE,MULTI-STOREY CAR PARK,ELECTRONIC PARKING,WHOLE DAY,SUN & PH FR 7AM-10.30PM,YES,12,2.15,N,1.2459662166460383,103.85652155174901
1577,STM1,BLK 169A STIRLING ROAD,MULTI-STOREY CAR PARK,ELECTRONIC PARKING,WHOLE DAY,SUN & PH FR 7AM-10.30PM,YES,2,2.0,N,1.2391753575349258,103.85395235109497
1578,STM2,BLK 171A STIRLING ROAD,MULTI-STOREY CAR PARK,ELECTRONIC PARKING,WHOLE DAY,SUN & PH FR 7AM-10.30PM,YES,6,2.15,N,1.2396883195246897,103.85351998165638
1579,STM3,BLK 168-171 STIRLING ROAD,SURFACE CAR PARK,ELECTRONIC PARKING,WHOLE DAY,SUN & PH FR 7AM-10.30PM,YES,0,4.5,N,1.2393100045975023,103.85351794812748
1580,S100,BLK 472 FERNVALE STREET,MULTI-STOREY CAR PARK,ELECTRONIC PARKING,WHOLE DAY,SUN & PH FR 7AM-10.30PM,YES,10,2.15,N,1.3182013137126665,103.95987204219277
1581,S101,BLK 470 FERNVALE LINK,MULTI-STOREY CAR PARK,ELECTRONIC PARKING,WHOLE DAY,SUN & PH FR 7AM-10.30PM,YES,12,2.15,N,1.3158911706102256,103.95997515002693
1582,S102,BLK 164 RIVERVALE CRESCENT,MULTI-STOREY CAR PARK,ELECTRONIC PARKING,WHOLE DAY,SUN & PH FR 7AM-10.30PM,YES,14,2.15,N,1.3442535867200598,103.95232842147033
1583,S103,BLK 293 COMPASSVALE CRESCENT,MULTI-STOREY CAR PARK,ELECTRONIC PARKING,WHOLE DAY,SUN & PH FR 7AM-10.30PM,YES,12,2.15,N,1.3318608829729237,103.9593469561895
1584,S104,BLK 215 COMPASSVALE DRIVE,MULTI-STOREY CAR PARK,ELECTRONIC PARKING,WHOLE DAY,SUN & PH FR 7AM-10.30PM,YES,11,2.15,N,1.329611518192089,103.95329144045446
1585,S105,BLK 217 COMPASSVALE DRIVE,MULTI-STOREY CAR PARK,ELECTRONIC PARKING,WHOLE DAY,SUN & PH FR 7AM-10.30PM,YES,12,2.15,N,1.3310262541778146,103.95277325060623
1586,S106,BLK 278 COMPASSVALE BOW,MULTI-STOREY CAR PARK,ELECTRONIC PARKING,WHOLE DAY,SUN & PH FR 7AM-10.30PM,YES,13,2.15,N,1.3266203909392156,103.94450608916303
1587,S107,BLK 338 ANCHORVALE CRESCENT,MULTI-STOREY CAR PARK,ELECTRONIC PARKING,WHOLE DAY,SUN & PH FR 7AM-10.30PM,YES,4,2.15,N,1.3262422608329365,103.96214744408503
1588,S108,BLK 289 COMPASSVALE CRESCENT,MULTI-STOREY CAR PARK,ELECTRONIC PARKING,WHOLE DAY,SUN & PH FR 7AM-10.30PM,YES,7,2.15,N,1.3335337498440945,103.9610735378924
1589,S109,BLK 417 FERNVALE LINK,MULTI-STOREY CAR PARK,ELECTRONIC PARKING,WHOLE DAY,SUN & PH FR 7AM-10.30PM,YES,10,2.15,N,1.316373696628667,103.95460961466654
1590,S110,BLK 351 ANCHORVALE ROAD,MULTI-STOREY CAR PARK,ELECTRONIC PARKING,WHOLE DAY,SUN & PH FR 7AM-10.30PM,YES,8,2.15,N,1.3231392304933405,103.9563295824993
1591,S111,BLK 455 SENGKANG WEST AVENUE,MULTI-STOREY CAR PARK,ELECTRONIC PARKING,WHOLE DAY,SUN & PH FR 7AM-10.30PM,YES,6,2.15,N,1.3076631113944295,103.95485023729152
1592,S112,BLK 457 SENGKANG WEST ROAD,MULTI-STOREY CAR PARK,ELECTRONIC PARKING,WHOLE DAY,SUN & PH FR 7AM-10.30PM,YES,10,2.15,N,1.306133935141669,103.95552166814844
1593,S113,BLK 353 ANCHORVALE LANE,MULTI-STOREY CAR PARK,ELECTRONIC PARKING,WHOLE DAY,SUN & PH FR 7AM-10.30PM,YES,14,2.15,N,1.322168471368074,103.95613174839116
1594,S114,BLK 460 SENGKANG WEST WAY,MULTI-STOREY CAR PARK,ELECTRONIC PARKING,WHOLE DAY,SUN & PH FR 7AM-10.30PM,YES,9,2.15,N,1.3060322440989536,103.95722851698316
1595,S115,BLK 462 SENGKANG WEST WAY,MULTI-STOREY CAR PARK,ELECTRONIC PARKING,WHOLE DAY,SUN & PH FR 7AM-10.30PM,YES,12,2.15,N,1.307869723587408,103.95708225909226
1596,S116,BLK 402 FERNVALE LANE,MULTI-STOREY CAR PARK,ELECTRONIC PARKING,WHOLE DAY,NO,YES,8,2.15,N,1.3076374972216245,103.95138289269
1597,S13L,351A-351D ANCHORVALE ROAD,SURFACE CAR PARK,ELECTRONIC PARKING,NO,NO,NO,0,0.0,N,1.323541569207756,103.95733065227653
1598,S14L,"353A-353B,355A,356A-356B ANCHORVALE LANE",SURFACE CAR PARK,ELECTRONIC PARKING,NO,NO,NO,0,0.0,N,1.3207904078427515,103.95659325703794
1599,S19L,BLK 501B WELLINGTON CIRCLE,SURFACE CAR PARK,ELECTRONIC PARKING,NO,NO,NO,0,0.0,N,1.2570035050320112,104.01401452903842
1600,S24L,BLK 507A WELLINGTON CIRCLE,SURFACE CAR PARK,ELECTRONIC PARKING,NO,NO,NO,0,0.0,N,1.2598146055946333,104.01579817624821
1601,S28L,BLK 489 ADMIRALTY LINK,SURFACE CAR PARK,ELECTRONIC PARKING,NO,NO,NO,0,0.0,N,1.252820298432563,104.01744599290485
1602,S30L,SENGKANG EAST WAY,SURFACE CAR PARK,ELECTRONIC PARKING,NO,NO,NO,0,0.0,N,1.3314010795660585,103.95758119497337
1603,S36L,BLK 121A AND 121B CANBERRA STREET,SURFACE CAR PARK,ELECTRONIC PARKING,NO,NO,NO,0,0.0,N,1.2697943011330233,104.01050979136178
1604,S38L,"BLK 128A, 128B, 129A AND 130A CANBERRA STREET/CANBERRA CRESCENT",SURFACE CAR PARK,ELECTRONIC PARKING,NO,NO,NO,0,0.0,N,1.2689962781006026,104.008275488493
1605,S39L,BLK 542A/542 SERANGOON NORTH AVENUE 4,SURFACE CAR PARK,ELECTRONIC PARKING,NO,NO,NO,0,0.0,N,1.3081755111488216,103.93705817181882
1606,S40L,BLK 115B AND 115C CANBERRA WALK,SURFACE CAR PARK,ELECTRONIC PARKING,NO,NO,NO,0,0.0,N,1.2658810034512238,104.00919825729997
1607,S43L,"BLK 117A, 117B, 118A AND 118B CANBERRA CRESCENT",SURFACE CAR PARK,ELECTRONIC PARKING,NO,NO,NO,0,0.0,N,1.2664095957540125,104.00737761063436
1608,S45A,BLK 132C AND 133 CANBERRA VIEW,SURFACE CAR PARK,ELECTRONIC PARKING,NO,NO,NO,0,0.0,N,1.2671908977529753,104.00572084457826
1609,S45L,BLK 132A AND 132B CANBERRA CRESCENT,SURFACE CAR PARK,ELECTRONIC PARKING,NO,NO,NO,0,0.0,N,1.2678786080979687,104.0060723193965
1610,S47L,"BLK 109A, 109B,109C & 109D CANBERRA WALK",SURFACE CAR PARK,ELECTRONIC PARKING,NO,NO,NO,0,0.0,N,1.2654893577958175,104.01081481609617
1611,S69A,BLK 437 FERNVALE ROAD,SURFACE CAR PARK,COUPON PARKING,7AM-7PM,NO,NO,0,0.0,N,1.3133313440578036,103.95510292689332
1612,TAM1,BLK 507 TAMPINES CENTRAL 1,MULTI-STOREY CAR PARK,ELECTRONIC PARKING,WHOLE DAY,NO,YES,5,1.7,N,1.382855366230457,103.91845596850506
1613,TAM2,BLK 475 TAMPINES STREET 44,MULTI-STOREY CAR PARK,ELECTRONIC PARKING,WHOLE DAY,SUN & PH FR 7AM-10.30PM,YES,9,2.0,N,1.390104646431555,103.92353731864846
1614,TBCM,BLK 16A TELOK BLANGAH CRESCENT,MULTI-STOREY CAR PARK,ELECTRONIC PARKING,WHOLE DAY,SUN & PH FR 7AM-10.30PM,YES,12,2.15,N,1.257223167914173,103.84131490107033
1615,TBC2,BLK 23A TELOK BLANGAH CRESCENT,MULTI-STOREY CAR PARK,ELECTRONIC PARKING,WHOLE DAY,SUN & PH FR 7AM-10.30PM,YES,3,2.15,N,1.25678568166385,103.83952481236628
1616,TBC3,BLK 3A TELOK BLANGAH CRESCENT,MULTI-STOREY CAR PARK,ELECTRONIC PARKING,WHOLE DAY,SUN & PH FR 7AM-10.30PM,YES,8,2.15,N,1.2536540426059346,103.84280470060199
1617,TBK,BLK 84 TELOK BLANGAH HEIGHTS,SURFACE CAR PARK,COUPON PARKING,7AM-7PM,NO,NO,0,0.0,N,1.246074171358078,103.84113212238171
1618,TBL,BLK 90B TELOK BLANGAH STREET 31,SURFACE CAR PARK,ELECTRONIC PARKING,NO,NO,NO,0,9.99,N,1.242767007998633,103.84025782336975
1619,TBM,BLK 48A TELOK BLANGAH DRIVE,MULTI-STOREY CAR PARK,ELECTRONIC PARKING,WHOLE DAY,SUN & PH FR 7AM-10.30PM,YES,12,1.8,N,1.2466997160156732,103.83559859695737
1620,TBMT,BLK 80 TELOK BLANGAH STREET 31,MULTI-STOREY CAR PARK,ELECTRONIC PARKING,7AM-10.30PM,NO,NO,5,2.15,N,1.2429079092567366,103.83759065120807
1621,TBM2,BLK 73A TELOK BLANGAH STREET 32,MULTI-STOREY CAR PARK,ELECTRONIC PARKING,WHOLE DAY,SUN & PH FR 7AM-10.30PM,YES,4,2.15,N,1.2452449832051318,103.83908900646486
1622,TBM3,BLK 78A TELOK BLANGAH STREET 32,MULTI-STOREY CAR PARK,ELECTRONIC PARKING,WHOLE DAY,SUN & PH FR 7AM-10.30PM,YES,14,2.15,N,1.2449928695985775,103.8371714400665
1623,TBM4,BLK 88A TELOK BLANGAH HEIGHTS,MULTI-STOREY CAR PARK,ELECTRONIC PARKING,WHOLE DAY,SUN & PH FR 7AM-10.30PM,YES,12,2.15,N,1.2437793177659355,103.84106864738749
1624,TBM5,BLK 57A TELOK BLANGAH HEIGHTS,MULTI-STOREY CAR PARK,ELECTRONIC PARKING,WHOLE DAY,SUN & PH FR 7AM-10.30PM,YES,12,2.15,N,1.2477896015751657,103.83878510592402
1625,TBM6,BLK 52A TELOK BLANGAH DRIVE,MULTI-STOREY CAR PARK,ELECTRONIC PARKING,WHOLE DAY,SUN & PH FR 7AM-10.30PM,YES,12,2.15,N,1.2471452723535128,103.837130356251
1626,TBM7,BLK 70 TELOK BLANGAH HEIGHTS,MULTI-STOREY CAR PARK,ELECTRONIC PARKING,WHOLE DAY,SUN & PH FR 7AM-10.30PM,YES,7,2.15,N,1.2468679031279326,103.8400445418208
1627,TBM8,BLK 90 TELOK BLANGAH STREET 31,MULTI-STOREY CAR PARK,ELECTRONIC PARKING,WHOLE DAY,NO,YES,11,2.15,N,1.2432899416047503,103.84097930917693
1628,TBM9,BLK 93 TELOK BLANGAH STREET 31,MULTI-STOREY CAR PARK,ELECTRONIC PARKING,WHOLE DAY,NO,YES,13,2.15,N,1.2431998908293234,103.83857213340079
1629,TB1,BLK 1/2/3/4/6 TELOK BLANGAH CRESCENT,SURFACE CAR PARK,ELECTRONIC PARKING,7AM-10.30PM,NO,NO,0,4.5,N,1.2546563842201466,103.84220798463888
1630,TB10,BLK 38/40 TELOK BLANGAH RISE,SURFACE CAR PARK,ELECTRONIC PARKING,WHOLE DAY,SUN & PH FR 7AM-10.30PM,YES,0,5.4,N,1.259319759157091,103.83620966359095
1631,TB11,BLK 42/43 TELOK BLANGAH RISE,SURFACE CAR PARK,ELECTRONIC PARKING,WHOLE DAY,SUN & PH FR 7AM-10.30PM,YES,0,3.8,N,1.2596499668262937,103.83442747090236
1632,TB14,BLK 113/114 DEPOT ROAD,SURFACE CAR PARK,ELECTRONIC PARKING,WHOLE DAY,SUN & PH FR 7AM-10.30PM,YES,0,4.5,N,1.2433548621618127,103.84556776236157
1633,TB17,BLK 50/71 TELOK BLANGAH DRIVE,SURFACE CAR PARK,ELECTRONIC PARKING,WHOLE DAY,SUN & PH FR 7AM-10.30PM,YES,0,4.5,N,1.2490660952887427,103.83860263382049
1634,TB18,BLK 72/74/84 TELOK BLANGAH DRIVE,SURFACE CAR PARK,ELECTRONIC PARKING,WHOLE DAY,NO,YES,0,4.5,N,1.2458371622302125,103.84028911087127
1635,TB19,BLK 75/76 TELOK BLANGAH DRIVE,SURFACE CAR PARK,ELECTRONIC PARKING,WHOLE DAY,SUN & PH FR 7AM-10.30PM,YES,0,4.5,N,1.2447287439364514,103.83845346630504
1636,TB2,BLK 8-10 TELOK BLANGAH CRESCENT,SURFACE CAR PARK,ELECTRONIC PARKING,7AM-10.30PM,NO,NO,0,0.0,N,1.255430613900742,103.84137543046293
1637,TB22,BLK 79/80/81 TELOK BLANGAH DRIVE,SURFACE CAR PARK,ELECTRONIC PARKING,7AM-10.30PM,SUN & PH FR 7AM-10.30PM,NO,0,0.0,N,1.2435920242629857,103.83770501662995
1638,TB23,DEPOT ROAD LORRY PARK,SURFACE CAR PARK,ELECTRONIC PARKING,7AM-10.30PM,SUN & PH FR 7AM-10.30PM,NO,0,0.0,N,1.2512794879226088,103.84508780614959
1639,TB27,BLK 4001-4008 DEPOT LANE,SURFACE CAR PARK,COUPON PARKING,WHOLE DAY,SUN & PH FR 7AM-10.30PM,YES,0,0.0,N,1.2477544616719942,103.84566563582388
1640,TB28,BLK 45 TELOK BLANGAH DRIVE,SURFACE CAR PARK,ELECTRONIC PARKING,7AM-10.30PM,NO,NO,0,0.0,N,1.2451329564828162,103.83583085471328
1641,TB29,BLK 45 & 79 ALONG TELOK BLANGAH DRIVE,SURFACE CAR PARK,COUPON PARKING,WHOLE DAY,NO,YES,0,0.0,N,1.2429913912868815,103.83693427950807
1642,TB3,BLK 12/22 TELOK BLANGAH CRESCENT,SURFACE CAR PARK,ELECTRONIC PARKING,WHOLE DAY,NO,YES,0,0.0,N,1.2555557911299458,103.84061386773784
1643,TB4A,BLK 18 & 19 TELOK BLANGAH CRESCENT,SURFACE CAR PARK,ELECTRONIC PARKING,7AM-7PM,NO,NO,0,4.5,N,1.25854763021151,103.84140393420046
1644,TB6,BLK 27/33 TELOK BLANGAH WAY,SURFACE CAR PARK,ELECTRONIC PARKING,WHOLE DAY,SUN & PH FR 7AM-10.30PM,YES,0,4.5,N,1.258256811488104,103.8377441108025
1645,TB7,BLK 29/32 TELOK BLANGAH RISE,SURFACE CAR PARK,ELECTRONIC PARKING,WHOLE DAY,SUN & PH FR 7AM-10.30PM,YES,0,3.8,N,1.2574998297574855,103.8372480220046
1646,TB8,BLK 30/31 TELOK BLANGAH RISE,SURFACE CAR PARK,ELECTRONIC PARKING,WHOLE DAY,SUN & PH FR 7AM-10.30PM,YES,0,3.8,N,1.2568513124365794,103.83644579637205
1647,TB9,BLK 32/35 TELOK BLANGAH RISE,SURFACE CAR PARK,ELECTRONIC PARKING,WHOLE DAY,SUN & PH FR 7AM-10.30PM,YES,0,5.4,N,1.2583394941023498,103.83708658068319
1648,TE1,BLK 115-117 JALAN BUKIT MERAH,SURFACE CAR PARK,ELECTRONIC PARKING,WHOLE DAY,SUN & PH FR 7AM-10.30PM,YES,0,0.0,N,1.2625874602047074,103.84505953138842
1649,TE13,BLK 78/80 MOH GUAN TERRACE/CHAY YAN STREET,SURFACE CAR PARK,ELECTRONIC PARKING,WHOLE DAY,SUN & PH FR 7AM-10.30PM,YES,0,9.99,N,1.2667347033970533,103.84696015207183
1650,TE14,BLK 140/142 JALAN BUKIT MERAH,SURFACE CAR PARK,ELECTRONIC PARKING,7AM-10.30PM,SUN & PH FR 7AM-10.30PM,NO,0,4.5,N,1.2650036745978368,103.8407543481273
1651,TE2,BLK 105-107 JALAN BUKIT MERAH,SURFACE CAR PARK,ELECTRONIC PARKING,NO,SUN & PH FR 7AM-10.30PM,YES,0,4.5,N,1.2612044990671794,103.84373669905341
1652,TE21,BLK 76 GUAN CHUAN STREET,SURFACE CAR PARK,COUPON PARKING,NO,NO,NO,0,0.0,N,1.267751082479819,103.84672554753092
1653,TE22,BLK 66/73 ENG WATT STREET,SURFACE CAR PARK,COUPON PARKING,WHOLE DAY,NO,YES,0,0.0,N,1.2687559924692404,103.84716283778229
1654,TE23,BLK 59 ENG HOON STREET,SURFACE CAR PARK,COUPON PARKING,WHOLE DAY,NO,YES,0,0.0,N,1.2697052926068775,103.84798591022033
1655,TE24,KIM PONG ROAD,SURFACE CAR PARK,COUPON PARKING,WHOLE DAY,SUN & PH FR 7AM-10.30PM,YES,0,0.0,N,1.266266285941926,103.84807130185727
1656,TE25,BLK 17/31/141/150 KAMPONG BAHRU ROAD,SURFACE CAR PARK,ELECTRONIC PARKING,7AM-10.30PM,SUN & PH FR 7AM-10.30PM,NO,0,4.5,N,1.2669492701263163,103.84114291098027
1657,TE26,- KERBSIDE TIONG BAHRU ESTATE,SURFACE CAR PARK,COUPON PARKING,WHOLE DAY,NO,YES,0,0.0,N,1.2670140926081062,103.84900677916045
1658,TE27,"BLK 77, 72, 71 & 58 SENG POH ROAD",SURFACE CAR PARK,COUPON PARKING,WHOLE DAY,NO,YES,0,0.0,N,1.2677167528216438,103.84739655885647
1659,TE28,BLK 81 TIONG POH ROAD/KENG KIAT STREET,SURFACE CAR PARK,COUPON PARKING,WHOLE DAY,SUN & PH FR 7AM-10.30PM,YES,0,0.0,N,1.2688184276985994,103.84635861505313
1660,TE29,BLK 79 PENG NGUAN STREET/CHAY YAN STREET,SURFACE CAR PARK,COUPON PARKING,NO,NO,NO,0,0.0,N,1.2674769811680162,103.84583355650587
1661,TE3,BLK 108/110/112 JALAN BUKIT MERAH,SURFACE CAR PARK,ELECTRONIC PARKING,7AM-10.30PM,SUN & PH FR 7AM-10.30PM,NO,0,4.5,N,1.2622729711620924,103.84349734878789
1662,TE30,BLK 78 & 79 YONG SIAK STREET/MOH GUAN TERRACE,SURFACE CAR PARK,COUPON PARKING,NO,NO,NO,0,0.0,N,1.266354221630667,103.84661978479141
1663,TE4,BLK 132-138 JALAN BUKIT MERAH,SURFACE CAR PARK,ELECTRONIC PARKING,7AM-10.30PM,SUN & PH FR 7AM-10.30PM,NO,0,0.0,N,1.2639860208299516,103.84213444615366
1664,TE9,BLK 61/69 SENG POH LANE,SURFACE CAR PARK,COUPON PARKING,WHOLE DAY,NO,YES,0,2.4,N,1.269148063020353,103.84760611823879
1665,TGML,BLK 64 AND 65 TEBAN GARDENS ROAD,SURFACE CAR PARK,ELECTRONIC PARKING,NO,NO,NO,0,0.0,N,1.1749110058804493,103.88523479046675
1666,TGM1,BLK 63A TEBAN GARDENS ROAD,MULTI-STOREY CAR PARK,ELECTRONIC PARKING,WHOLE DAY,SUN & PH FR 7AM-10.30PM,YES,12,2.15,N,1.1744807629405556,103.8846615325944
1667,TGM2,BLK 61 TEBAN GARDENS ROAD,MULTI-STOREY CAR PARK,ELECTRONIC PARKING,WHOLE DAY,SUN & PH FR 7AM-10.30PM,YES,9,2.1,N,1.1738572139937586,103.8856275800235
1668,TGM3,BLK 22A TEBAN GARDENS ROAD,MULTI-STOREY CAR PARK,ELECTRONIC PARKING,WHOLE DAY,SUN & PH FR 7AM-10.30PM,YES,3,2.15,N,1.174897836969423,103.88673663541752
1669,TGM4,BLK 57A TEBAN GARDENS ROAD,MULTI-STOREY CAR PARK,ELECTRONIC PARKING,WHOLE DAY,SUN & PH FR 7AM-10.30PM,YES,10,2.15,N,1.1728077732993794,103.88600235891265
1670,TG1,BLK 24 & 25 TEBAN GARDENS,SURFACE CAR PARK,ELECTRONIC PARKING,WHOLE DAY,SUN & PH FR 7AM-10.30PM,YES,0,0.0,N,1.173193021534868,103.88678799738418
1671,TG2,BLK 49 TO 54 TEBAN GARDENS,SURFACE CAR PARK,ELECTRONIC PARKING,WHOLE DAY,SUN & PH FR 7AM-10.30PM,YES,0,3.8,N,1.1731601669667922,103.88506057099066
1672,TG3,BLK 30/31/46/48 TEBAN GARDENS,SURFACE CAR PARK,ELECTRONIC PARKING,WHOLE DAY,SUN & PH FR 7AM-10.30PM,YES,0,3.39,N,1.1745445458905497,103.88412732733116
1673,TG6,"BLK 32, 39/41 TEBAN GARDENS",SURFACE CAR PARK,ELECTRONIC PARKING,WHOLE DAY,SUN & PH FR 7AM-10.30PM,YES,0,3.8,N,1.176673554527767,103.88530971954094
1674,TG7,BLK 33/38/43/45 TEBAN GARDENS,SURFACE CAR PARK,ELECTRONIC PARKING,WHOLE DAY,SUN & PH FR 7AM-10.30PM,YES,0,3.5,N,1.1778795799497124,103.88364080664088
1675,THM,BLK 37B COMMONWEALTH DRIVE,MULTI-STOREY CAR PARK,COUPON PARKING,WHOLE DAY,SUN & PH FR 7AM-10.30PM,YES,12,2.15,N,1.2338425185599327,103.86183993532417
1676,TJ1K,ALONG YUNG SHENG ROAD,SURFACE CAR PARK,COUPON PARKING,WHOLE DAY,NO,YES,0,0.0,N,1.1569789006797915,103.89761533338672
1677,TJ18,BLK 63-66 YUNG KUANG ROAD,SURFACE CAR PARK,COUPON PARKING,WHOLE DAY,SUN & PH FR 7AM-10.30PM,YES,0,4.5,N,1.1580928362674174,103.89523188302431
1678,TJ27,BLK 151/154 YUNG HO ROAD,SURFACE CAR PARK,ELECTRONIC PARKING,WHOLE DAY,SUN & PH FR 7AM-10.30PM,YES,0,4.5,N,1.1565175732179147,103.89064762036901
1679,TJ28,BLK 364 YUNG AN ROAD,MULTI-STOREY CAR PARK,ELECTRONIC PARKING,WHOLE DAY,SUN & PH FR 7AM-10.30PM,YES,11,1.9,N,1.1559066053089941,103.90050559577534
1680,TJ29,BLK 155A YUNG LOH ROAD,MULTI-STOREY CAR PARK,ELECTRONIC PARKING,WHOLE DAY,SUN & PH FR 7AM-10.30PM,YES,10,2.0,N,1.1577617797597,103.8915868047463
1681,TJ30,BLK 163A YUNG PING ROAD,MULTI-STOREY CAR PARK,ELECTRONIC PARKING,WHOLE DAY,SUN & PH FR 7AM-10.30PM,YES,10,2.0,N,1.1576982614527123,103.8935327466485
1682,TJ31,BLK 331A KANG CHING ROAD,MULTI-STOREY CAR PARK,ELECTRONIC PARKING,WHOLE DAY,SUN & PH FR 7AM-10.30PM,YES,11,2.15,N,1.1583335125315208,103.90197079063543
1683,TJ32,BLK 346A KANG CHING ROAD,MULTI-STOREY CAR PARK,ELECTRONIC PARKING,WHOLE DAY,SUN & PH FR 7AM-10.30PM,YES,11,2.0,N,1.1556289740157235,103.90341634125642
1684,TJ33,BLK 328A TAH CHING ROAD,MULTI-STOREY CAR PARK,ELECTRONIC PARKING,WHOLE DAY,SUN & PH FR 7AM-10.30PM,YES,11,2.15,N,1.158715584503354,103.90049525995624
1685,TJ34,BLK 115A HO CHING ROAD,MULTI-STOREY CAR PARK,ELECTRONIC PARKING,WHOLE DAY,SUN & PH FR 7AM-10.30PM,YES,10,2.15,N,1.1600143561233178,103.89742608924313
1686,TJ35,BLK 183A CORPORATION DRIVE,MULTI-STOREY CAR PARK,ELECTRONIC PARKING,WHOLE DAY,SUN & PH FR 7AM-10.30PM,YES,12,2.15,N,1.157944728807955,103.89631379958952
1687,TJ36,BLK 121A YUAN CHING ROAD,MULTI-STOREY CAR PARK,ELECTRONIC PARKING,WHOLE DAY,SUN & PH FR 7AM-10.30PM,YES,10,2.1,N,1.1600038169146891,103.89959952147048
1688,TJ37,BLK 337 TAH CHING ROAD,MULTI-STOREY CAR PARK,ELECTRONIC PARKING,WHOLE DAY,SUN & PH FR 7AM-10.30PM,YES,12,2.15,N,1.1579894398910855,103.90166078564977
1689,TJ38,175 YUNG KUANG ROAD,MULTI-STOREY CAR PARK,ELECTRONIC PARKING,WHOLE DAY,SUN & PH FR 7AM-10.30PM,YES,10,2.15,N,1.157235843344976,103.89573055351813
1690,TJ39,138 YUAN CHING ROAD,MULTI-STOREY CAR PARK,ELECTRONIC PARKING,WHOLE DAY,SUN & PH FR 7AM-10.30PM,YES,14,2.15,N,1.1587899159075994,103.89135229277527
1691,TJ40,BLK 164 YUNG KUANG ROAD,MULTI-STOREY CAR PARK,ELECTRONIC PARKING,WHOLE DAY,SUN & PH FR 7AM-10.30PM,YES,10,2.15,N,1.156952324844256,103.89382173329263
1692,TJ41,BLK 140 CORPORATION DRIVE,MULTI-STOREY CAR PARK,ELECTRONIC PARKING,WHOLE DAY,NO,YES,14,2.15,N,1.158864096794682,103.89027363290934
1693,TJ42,BLK 150 CORPORATION DRIVE,MULTI-STOREY CAR PARK,ELECTRONIC PARKING,WHOLE DAY,NO,YES,5,2.15,N,1.1578090750580157,103.89067543860061
1694,TM10,BLK 331A TAMPINES STREET 32,MULTI-STOREY CAR PARK,ELECTRONIC PARKING,7AM-10.30PM,NO,NO,10,2.0,N,1.3972510739836264,103.91664263798147
1695,TM11,BLK 384A TAMPINES STREET 32,MULTI-STOREY CAR PARK,ELECTRONIC PARKING,WHOLE DAY,SUN & PH FR 7AM-10.30PM,YES,12,1.9,N,1.3955092369349364,103.9176825183676
1696,TM12,BLK 390A TAMPINES AVENUE 7,MULTI-STOREY CAR PARK,ELECTRONIC PARKING,WHOLE DAY,SUN & PH FR 7AM-10.30PM,YES,10,2.0,N,1.394191659364616,103.91910332088563
1697,TM13,BLK 374A TAMPINES STREET 34,MULTI-STOREY CAR PARK,ELECTRONIC PARKING,WHOLE DAY,SUN & PH FR 7AM-10.30PM,YES,8,2.0,N,1.3960889259951772,103.91962677874157
1698,TM14,BLK 891B TAMPINES AVENUE 8,MULTI-STOREY CAR PARK,ELECTRONIC PARKING,WHOLE DAY,SUN & PH FR 7AM-10.30PM,YES,10,2.15,N,1.3673763935713579,103.91246366283481
1699,TM15,BLK 450B TAMPINES STREET 42,MULTI-STOREY CAR PARK,ELECTRONIC PARKING,WHOLE DAY,SUN & PH FR 7AM-10.30PM,YES,10,2.0,N,1.3891674565217165,103.92099092298791
1700,TM16,BLK 230A TAMPINES STREET 21,MULTI-STOREY CAR PARK,ELECTRONIC PARKING,WHOLE DAY,SUN & PH FR 7AM-10.30PM,YES,9,1.9,N,1.3871621959940514,103.91902757687885
1701,TM17,BLK 842A TAMPINES STREET 82,MULTI-STOREY CAR PARK,ELECTRONIC PARKING,WHOLE DAY,SUN & PH FR 7AM-10.30PM,YES,11,1.9,N,1.3748394476943353,103.91451400829871
1702,TM18,BLK 856A TAMPINES STREET 82,MULTI-STOREY CAR PARK,ELECTRONIC PARKING,7AM-10.30PM,NO,NO,10,2.0,N,1.3748875255826465,103.9156912408018
1703,TM19,BLK 364A TAMPINES STREET 34,MULTI-STOREY CAR PARK,ELECTRONIC PARKING,WHOLE DAY,SUN & PH FR 7AM-10.30PM,YES,10,2.15,N,1.3963346122945823,103.92060605941568
1704,TM20,BLK 366A TAMPINES STREET 34,MULTI-STOREY CAR PARK,ELECTRONIC PARKING,WHOLE DAY,SUN & PH FR 7AM-10.30PM,YES,10,2.15,N,1.398021989976419,103.92140115733682
1705,TM21,BLK 340A TAMPINES STREET 33,MULTI-STOREY CAR PARK,ELECTRONIC PARKING,7AM-10.30PM,SUN & PH FR 7AM-10.30PM,NO,10,1.9,N,1.397471408672519,103.91471474361738
1706,TM22,BLK 351A TAMPINES STREET 33,MULTI-STOREY CAR PARK,ELECTRONIC PARKING,WHOLE DAY,SUN & PH FR 7AM-10.30PM,YES,10,1.9,N,1.399842182347293,103.91556066832568
1707,TM23,BLK 354A TAMPINES STREET 33,MULTI-STOREY CAR PARK,ELECTRONIC PARKING,WHOLE DAY,SUN & PH FR 7AM-10.30PM,YES,10,2.0,N,1.3991893567712286,103.91794228636945
1708,TM24,BLK 359A TAMPINES STREET 34,MULTI-STOREY CAR PARK,ELECTRONIC PARKING,WHOLE DAY,NO,YES,10,2.0,N,1.3984458199502654,103.91869384654348
1709,TM25,BLK 497E TAMPINES STREET 45,MULTI-STOREY CAR PARK,ELECTRONIC PARKING,WHOLE DAY,NO,YES,2,2.0,N,1.3954792804642802,103.92196930153098
1710,TM26,BLK 497K TAMPINES STREET 45,MULTI-STOREY CAR PARK,ELECTRONIC PARKING,WHOLE DAY,NO,YES,2,2.0,N,1.3966165588500357,103.92307422560005
1711,TM27,BLK 497L TAMPINES STREET 45,MULTI-STOREY CAR PARK,ELECTRONIC PARKING,WHOLE DAY,SUN & PH FR 7AM-10.30PM,YES,4,2.0,N,1.396881437675526,103.92389529102776
1712,TM28,BLK 498K TAMPINES STREET 45,MULTI-STOREY CAR PARK,ELECTRONIC PARKING,WHOLE DAY,SUN & PH FR 7AM-10.30PM,YES,6,2.0,N,1.3938530256528407,103.92606180188778
1713,TM29,BLK 498C TAMPINES STREET 45,MULTI-STOREY CAR PARK,ELECTRONIC PARKING,WHOLE DAY,SUN & PH FR 7AM-10.30PM,YES,6,2.0,N,1.3960967279365473,103.92392739418247
1714,TM3,BLK 496A TAMPINES STREET 43,MULTI-STOREY CAR PARK,ELECTRONIC PARKING,WHOLE DAY,SUN & PH FR 7AM-10.30PM,YES,10,1.9,N,1.38749771687541,103.92450033767396
1715,TM30,BLK 701A TAMPINES STREET 71,MULTI-STOREY CAR PARK,ELECTRONIC PARKING,WHOLE DAY,SUN & PH FR 7AM-10.30PM,YES,10,2.15,N,1.373494734523789,103.92013832574388
1716,TM31,BLK 716A TAMPINES STREET 71,MULTI-STOREY CAR PARK,ELECTRONIC PARKING,WHOLE DAY,SUN & PH FR 7AM-10.30PM,YES,10,2.15,N,1.3734986511188347,103.92200432380012
1717,TM32,BLK 723A TAMPINES STREET 72,MULTI-STOREY CAR PARK,ELECTRONIC PARKING,WHOLE DAY,SUN & PH FR 7AM-10.30PM,YES,10,2.15,N,1.3720646501353215,103.9227829367811
1718,TM33,BLK 727A TAMPINES STREET 71,MULTI-STOREY CAR PARK,ELECTRONIC PARKING,WHOLE DAY,SUN & PH FR 7AM-10.30PM,YES,10,2.15,N,1.3729115743689433,103.91963138515557
1719,TM34,BLK 730A TAMPINES STREET 71,MULTI-STOREY CAR PARK,ELECTRONIC PARKING,WHOLE DAY,SUN & PH FR 7AM-10.30PM,YES,10,2.15,N,1.3702554294496627,103.92048183724496
1720,TM35,BLK 742A TAMPINES STREET 72,MULTI-STOREY CAR PARK,ELECTRONIC PARKING,WHOLE DAY,SUN & PH FR 7AM-10.30PM,YES,12,2.15,N,1.3709661485101132,103.92315966626279
1721,TM36,BLK 515 TAMPINES CENTRAL 7,MULTI-STOREY CAR PARK,ELECTRONIC PARKING,WHOLE DAY,NO,YES,4,2.15,N,1.3759322306169361,103.92042582279744
1722,TM37,BLK 518 TAMPINES CENTRAL 7,MULTI-STOREY CAR PARK,ELECTRONIC PARKING,WHOLE DAY,NO,YES,4,2.15,N,1.37546324194155,103.91944595857277
1723,TM4,BLK 494A TAMPINES STREET 43,MULTI-STOREY CAR PARK,ELECTRONIC PARKING,WHOLE DAY,SUN & PH FR 7AM-10.30PM,YES,14,1.8,N,1.389104372952493,103.92632119990374
1724,TM41,BLK 921A TAMPINES STREET 91,MULTI-STOREY CAR PARK,ELECTRONIC PARKING,WHOLE DAY,SUN & PH FR 7AM-10.30PM,YES,11,2.15,N,1.3782933122039835,103.91085480297507
1725,TM42,BLK 823A TAMPINES STREET 81,MULTI-STOREY CAR PARK,ELECTRONIC PARKING,WHOLE DAY,SUN & PH FR 7AM-10.30PM,YES,8,2.15,N,1.3703310951845087,103.91225206925404
1726,TM43,BLK 202A TAMPINES STREET 21,MULTI-STOREY CAR PARK,ELECTRONIC PARKING,WHOLE DAY,SUN & PH FR 7AM-10.30PM,YES,10,2.15,N,1.3891789064375022,103.91667526480401
1727,TM44,BLK 499 TAMPINES AVENUE 9,MULTI-STOREY CAR PARK,ELECTRONIC PARKING,WHOLE DAY,NO,YES,4,2.15,N,1.3932868917905294,103.92245128151117
1728,TM45,BLK 869C TAMPINES AVENUE 8,MULTI-STOREY CAR PARK,ELECTRONIC PARKING,WHOLE DAY,NO,YES,11,2.15,N,1.3698228946537734,103.91862140658813
1729,TM46,BLK 522 TAMPINES CENTRAL 7,MULTI-STOREY CAR PARK,ELECTRONIC PARKING,WHOLE DAY,SUN & PH FR 7AM-10.30PM,YES,12,2.15,N,1.3752985286281245,103.92180050524878
1730,TM47,BLK 519 TAMPINES CENTRAL 8,MULTI-STOREY CAR PARK,ELECTRONIC PARKING,WHOLE DAY,NO,YES,16,2.15,N,1.3770163876691528,103.91997824028246
1731,TM48,BLK 890 TAMPINES AVENUE 1,MULTI-STOREY CAR PARK,ELECTRONIC PARKING,WHOLE DAY,SUN & PH FR 7AM-10.30PM,YES,4,2.15,N,1.3709692962525208,103.91040532132982
1732,TM49,BLK 494F TAMPINES STREET 43,MULTI-STOREY CAR PARK,ELECTRONIC PARKING,WHOLE DAY,SUN & PH FR 7AM-10.30PM,YES,12,2.15,N,1.3899720570191312,103.9272001649705
1733,TM5,BLK 492A TAMPINES STREET 45,MULTI-STOREY CAR PARK,ELECTRONIC PARKING,WHOLE DAY,SUN & PH FR 7AM-10.30PM,YES,14,1.9,N,1.3910344990755217,103.92633439553309
1734,TM50,BLK 870B TAMPINES STREET 86,MULTI-STOREY CAR PARK,ELECTRONIC PARKING,WHOLE DAY,SUN & PH FR 7AM-10.30PM,YES,10,2.15,N,1.3679273016977136,103.91971512228942
1735,TM51,BLK 879C TAMPINES AVENUE 8,MULTI-STOREY CAR PARK,COUPON PARKING,WHOLE DAY,NO,YES,12,2.15,N,1.3655488795087483,103.91448325835854
1736,TM52,BLK 492 TAMPINES ST45,MULTI-STOREY CAR PARK,ELECTRONIC PARKING,WHOLE DAY,SUN & PH FR 7AM-10.30PM,YES,15,2.15,N,1.3926793524530792,103.92708539779746
1737,TM53,BLK 859B TAMPINES AVENUE 5,MULTI-STOREY CAR PARK,ELECTRONIC PARKING,WHOLE DAY,NO,YES,13,2.15,N,1.3755456596420452,103.91813070266714
1738,TM54,BLK 875A TAMPINES STREET 86,MULTI-STOREY CAR PARK,ELECTRONIC PARKING,WHOLE DAY,NO,YES,5,2.15,N,1.366722795741574,103.91681466727627
1739,TM55,BLK 873A TAMPINES STREET 85,MULTI-STOREY CAR PARK,ELECTRONIC PARKING,WHOLE DAY,NO,YES,10,2.15,N,1.3675109372549892,103.91815585564562
1740,TM6,BLK 307A TAMPINES STREET 32,MULTI-STOREY CAR PARK,ELECTRONIC PARKING,WHOLE DAY,SUN & PH FR 7AM-10.30PM,YES,11,1.9,N,1.3933201539569846,103.91653714319538
1741,TM7,BLK 311A TAMPINES STREET 33,MULTI-STOREY CAR PARK,ELECTRONIC PARKING,7AM-10.30PM,SUN & PH FR 7AM-10.30PM,NO,8,1.85,N,1.3946042068235895,103.91610121224588
1742,TM8,BLK 316A TAMPINES STREET 33,MULTI-STOREY CAR PARK,ELECTRONIC PARKING,WHOLE DAY,SUN & PH FR 7AM-10.30PM,YES,10,2.0,N,1.3941807256173682,103.91480126784442
1743,TM9,BLK 330A TAMPINES STREET 32,MULTI-STOREY CAR PARK,ELECTRONIC PARKING,WHOLE DAY,NO,YES,10,2.0,N,1.3960815419433583,103.91663435413017
1744,TPB1,BLK 18A LORONG 6 TOA PAYOH,MULTI-STOREY CAR PARK,ELECTRONIC PARKING,WHOLE DAY,SUN & PH FR 7AM-10.30PM,YES,7,2.15,N,1.2929250296528205,103.89945842026536
1745,TPL,BLK 5/7 TANJONG PAGAR,SURFACE CAR PARK,ELECTRONIC PARKING,NO,NO,NO,0,4.4,N,1.2792482111552013,103.84068186604628
1746,TPM,BLK 1/6 TANJONG PAGAR MSCP,MULTI-STOREY CAR PARK,ELECTRONIC PARKING,WHOLE DAY,SUN & PH FR 7AM-10.30PM,YES,7,1.8,N,1.2785336127938172,103.83926487669504
1747,TPMA,BLK 60A LORONG 4 TOA PAYOH,MULTI-STOREY CAR PARK,ELECTRONIC PARKING,WHOLE DAY,SUN & PH FR 7AM-10.30PM,YES,12,2.15,N,1.2874257970837761,103.89989420316091
1748,TPMB,BLK 156A LORONG 1 TOA PAYOH,MULTI-STOREY CAR PARK,ELECTRONIC PARKING,WHOLE DAY,SUN & PH FR 7AM-10.30PM,YES,12,2.15,N,1.2814950253230983,103.89646738093329
1749,TPMC,BLK 110A LORONG 1 TOA PAYOH,MULTI-STOREY CAR PARK,ELECTRONIC PARKING,WHOLE DAY,SUN & PH FR 7AM-10.30PM,YES,10,2.15,N,1.2824206041888937,103.90529127707764
1750,TPMD,BLK 161A LORONG 1 TOA PAYOH,MULTI-STOREY CAR PARK,ELECTRONIC PARKING,WHOLE DAY,SUN & PH FR 7AM-10.30PM,YES,7,2.15,N,1.2811634146318387,103.89363898043982
1751,TPME,BLK 93A LORONG 4 TOA PAYOH,MULTI-STOREY CAR PARK,ELECTRONIC PARKING,WHOLE DAY,SUN & PH FR 7AM-10.30PM,YES,7,2.15,N,1.2861306815768676,103.9018241228355
1752,TPMF,BLK 141A LORONG 2 TOA PAYOH,MULTI-STOREY CAR PARK,ELECTRONIC PARKING,WHOLE DAY,SUN & PH FR 7AM-10.30PM,YES,7,2.15,N,1.2818536207050946,103.89856562348336
1753,TPMG,BLK 128A LORONG 1 TOA PAYOH,MULTI-STOREY CAR PARK,ELECTRONIC PARKING,WHOLE DAY,SUN & PH FR 7AM-10.30PM,YES,5,2.15,N,1.2803197023434083,103.90162811136904
1754,TPMH,BLK 260 KIM KEAT AVENUE,MULTI-STOREY CAR PARK,ELECTRONIC PARKING,WHOLE DAY,SUN & PH FR 7AM-10.30PM,YES,8,2.15,N,1.2937307294970637,103.89544252699585
1755,TPMJ,BLK 146A LORONG 2 TOA PAYOH,MULTI-STOREY CAR PARK,ELECTRONIC PARKING,WHOLE DAY,SUN & PH FR 7AM-10.30PM,YES,5,2.15,N,1.281736275075149,103.89767097854997
1756,TPMK,BLK 194A KIM KEAT AVENUE,MULTI-STOREY CAR PARK,ELECTRONIC PARKING,WHOLE DAY,SUN & PH FR 7AM-10.30PM,YES,7,2.15,N,1.2949123240588014,103.89440328598407
1757,TPML,BLK 233A LORONG 8 TOA PAYOH,MULTI-STOREY CAR PARK,ELECTRONIC PARKING,WHOLE DAY,SUN & PH FR 7AM-10.30PM,YES,8,2.15,N,1.2952657111884234,103.90160560532256
1758,TPMM,BLK 227A LORONG 8 TOA PAYOH,MULTI-STOREY CAR PARK,ELECTRONIC PARKING,WHOLE DAY,SUN & PH FR 7AM-10.30PM,YES,8,2.15,N,1.2943402584934633,103.90238872403499
1759,TPMN,BLK 78B TOA PAYOH CENTRAL,MULTI-STOREY CAR PARK,ELECTRONIC PARKING,WHOLE DAY,NO,YES,7,2.15,N,1.284854221708935,103.89829385009087
1760,TPMP,BLK 138 LORONG 1A TOA PAYOH,MULTI-STOREY CAR PARK,ELECTRONIC PARKING,WHOLE DAY,NO,YES,13,2.15,N,1.2810526602899157,103.90007334419968
1761,TPMQ,BLK 130 LORONG 1 TOA PAYOH,MULTI-STOREY CAR PARK,ELECTRONIC PARKING,WHOLE DAY,SUN & PH FR 7AM-10.30PM,YES,14,2.15,N,1.2790923932015617,103.90036568826224
1762,TPMR,BLK 261A TOA PAYOH EAST,MULTI-STOREY CAR PARK,ELECTRONIC PARKING,WHOLE DAY,SUN & PH FR 7AM-10.30PM,YES,14,2.15,N,1.2919948637304883,103.89714506937999
1763,TPMS,BLK 265 KIM KEAT AVENUE,MULTI-STOREY CAR PARK,COUPON PARKING,WHOLE DAY,NO,YES,4,2.15,N,1.2963637239716919,103.89499293760575
1764,TPM2,BLK 101C LORONG 2 TOA PAYOH,MULTI-STOREY CAR PARK,ELECTRONIC PARKING,WHOLE DAY,SUN & PH FR 7AM-10.30PM,YES,7,2.0,N,1.2833532057072503,103.90264279357223
1765,TPM3,BLK 171A LORONG 1 TOA PAYOH,MULTI-STOREY CAR PARK,ELECTRONIC PARKING,WHOLE DAY,SUN & PH FR 7AM-10.30PM,YES,10,1.95,N,1.278468819076517,103.8941763495303
1766,TPM4,BLK 81C LORONG 4 TOA PAYOH,MULTI-STOREY CAR PARK,ELECTRONIC PARKING,WHOLE DAY,SUN & PH FR 7AM-10.30PM,YES,10,2.0,N,1.285626764638592,103.899149469583
1767,TPM5,BLK 84C LORONG 2 TOA PAYOH,MULTI-STOREY CAR PARK,ELECTRONIC PARKING,WHOLE DAY,SUN & PH FR 7AM-10.30PM,YES,10,2.0,N,1.283607670170933,103.8992135178714
1768,TPM6,BLK 35A LORONG 5 TOA PAYOH,MULTI-STOREY CAR PARK,ELECTRONIC PARKING,WHOLE DAY,SUN & PH FR 7AM-10.30PM,YES,10,2.15,N,1.2909382675360448,103.89829070918093
1769,TPM7,BLK 120A LORONG 2 TOA PAYOH,MULTI-STOREY CAR PARK,ELECTRONIC PARKING,WHOLE DAY,SUN & PH FR 7AM-10.30PM,YES,12,2.15,N,1.2821802123283854,103.9032185245536
1770,TPM8,BLK 11A LORONG 8 TOA PAYOH,MULTI-STOREY CAR PARK,ELECTRONIC PARKING,WHOLE DAY,SUN & PH FR 7AM-10.30PM,YES,12,2.15,N,1.2956308896852375,103.90002523368062
1771,TPM9,BLK 10A LORONG 7 TOA PAYOH,MULTI-STOREY CAR PARK,ELECTRONIC PARKING,WHOLE DAY,SUN & PH FR 7AM-10.30PM,YES,12,2.15,N,1.294124193560607,103.90046833830613
1772,TP10,BLK 68 LORONG 5 TOA PAYOH,SURFACE CAR PARK,ELECTRONIC PARKING,WHOLE DAY,SUN & PH FR 7AM-10.30PM,YES,0,2.15,N,1.289899729279683,103.89831698762032
1773,TP12,BLK 71/72 LORONG 5 TOA PAYOH,SURFACE CAR PARK,ELECTRONIC PARKING,WHOLE DAY,SUN & PH FR 7AM-10.30PM,YES,0,4.5,N,1.288405561104149,103.89743386427381
1774,TP14,BLK 63/64 LORONG 5 TOA PAYOH,SURFACE CAR PARK,ELECTRONIC PARKING,WHOLE DAY,SUN & PH FR 7AM-10.30PM,YES,0,4.5,N,1.2887082043326108,103.89928315795373
1775,TP15,BLK 53 TO 55 LORONG 5 TOA PAYOH,SURFACE CAR PARK,ELECTRONIC PARKING,WHOLE DAY,SUN & PH FR 7AM-10.30PM,YES,0,0.0,N,1.2871238069166353,103.90086364886064
1776,TP16,BLK 175/183 TO 185 TOA PAYOH TOWN CENTRE,SURFACE CAR PARK,ELECTRONIC PARKING,WHOLE DAY,SUN & PH FR 7AM-10.30PM,YES,0,9.99,N,1.2845902791039743,103.89665718333083
1777,TP17,BLK 177 TO 179 TOA PAYOH TOWN CENTRE,SURFACE CAR PARK,ELECTRONIC PARKING,WHOLE DAY,SUN & PH FR 7AM-10.30PM,YES,0,4.4,N,1.2848691800892968,103.89718107176164
1778,TP18,BLK 186/191 TO 193 TOA PAYOH TOWN CENTRE,SURFACE CAR PARK,ELECTRONIC PARKING,WHOLE DAY,SUN & PH FR 7AM-10.30PM,YES,0,4.5,N,1.287034309217489,103.89600506172476
1779,TP2,BLK 85/A/B/C LORONG 4 TOA PAYOH,SURFACE CAR PARK,ELECTRONIC PARKING,WHOLE DAY,SUN & PH FR 7AM-10.30PM,YES,0,4.5,N,1.2845150493508655,103.89957216777239
1780,TP20,BLK 158-161/163/168-174 LORONG 1 TOA PAYOH,SURFACE CAR PARK,ELECTRONIC PARKING,WHOLE DAY,SUN & PH FR 7AM-10.30PM,YES,0,4.5,N,1.2807370182631506,103.89444806687294
1781,TP22,BLK 148 TO 150 LORONG 1 TOA PAYOH,SURFACE CAR PARK,ELECTRONIC PARKING,WHOLE DAY,SUN & PH FR 7AM-10.30PM,YES,0,4.5,N,1.280288796328676,103.89760609139942
1782,TP27,BLK 125/126/131 LORONG 2 TOA PAYOH,SURFACE CAR PARK,ELECTRONIC PARKING,WHOLE DAY,SUN & PH FR 7AM-10.30PM,YES,0,4.5,N,1.281521849082715,103.90092777963159
1783,TP3,BLK 66/70/73 LORONG 4 TOA PAYOH,SURFACE CAR PARK,ELECTRONIC PARKING,WHOLE DAY,SUN & PH FR 7AM-10.30PM,YES,0,4.5,N,1.2878451835999267,103.89873924941513
1784,TP3A,BLK 3A LORONG 7 TOA PAYOH,MULTI-STOREY CAR PARK,ELECTRONIC PARKING,WHOLE DAY,SUN & PH FR 7AM-10.30PM,YES,2,2.0,N,1.2905245983733966,103.9028894425782
1785,TP30,BLK 116/122 LORONG 1 TOA PAYOH,SURFACE CAR PARK,ELECTRONIC PARKING,7AM-10.30PM,SUN & PH FR 7AM-10.30PM,NO,0,4.5,N,1.2825938504961694,103.9039697622469
1786,TP31,BLK 109/111 TO 115 LORONG 1 TOA PAYOH,SURFACE CAR PARK,ELECTRONIC PARKING,WHOLE DAY,SUN & PH FR 7AM-10.30PM,YES,0,4.5,N,1.2821291102314734,103.90446183386915
1787,TP32,BLK 107/108/110-112 LORONG 1 TOA PAYOH,SURFACE CAR PARK,COUPON PARKING,7AM-10.30PM,SUN & PH FR 7AM-10.30PM,NO,0,0.0,N,1.2837180018768979,103.9044412886341
1788,TP33,BLK 205 TO 207 TOA PAYOH NORTH,SURFACE CAR PARK,COUPON PARKING,WHOLE DAY,SUN & PH FR 7AM-10.30PM,YES,0,4.5,N,1.2833481489148242,103.90586908387775
1789,TP34,BLK 49 TO 52 LORONG 5 TOA PAYOH,SURFACE CAR PARK,ELECTRONIC PARKING,WHOLE DAY,SUN & PH FR 7AM-10.30PM,YES,0,3.8,N,1.2887339235016673,103.90136921007854
1790,TP36,BLK 43 TO 48 LORONG 5/6 TOA PAYOH,SURFACE CAR PARK,ELECTRONIC PARKING,7AM-10.30PM,SUN & PH FR 7AM-10.30PM,NO,0,4.5,N,1.290097982730814,103.89965528760263
1791,TP4A,BLK 4A LORONG 7 TOA PAYOH,MULTI-STOREY CAR PARK,ELECTRONIC PARKING,WHOLE DAY,SUN & PH FR 7AM-10.30PM,YES,2,2.15,N,1.2918495059024773,103.90264406444706
1792,TP40,BLK 241-259/25-27 KIM KEAT LINK/AVENUE,SURFACE CAR PARK,ELECTRONIC PARKING,WHOLE DAY,SUN & PH FR 7AM-10.30PM,YES,0,4.5,N,1.2930426955077856,103.8951089400178
1793,TP41,BLK 253/254/256 KIM KEAT AVENUE,SURFACE CAR PARK,ELECTRONIC PARKING,WHOLE DAY,SUN & PH FR 7AM-10.30PM,YES,0,4.5,N,1.2945821491059695,103.89538947528978
1794,TP43,BLK 19 TO 23 LORONG 7 TOA PAYOH,SURFACE CAR PARK,ELECTRONIC PARKING,WHOLE DAY,SUN & PH FR 7AM-10.30PM,YES,0,4.5,N,1.2935760869274595,103.89823903992936
1795,TP48,BLK 8 LORONG 7 TOA PAYOH,SURFACE CAR PARK,ELECTRONIC PARKING,7AM-10.30PM,SUN & PH FR 7AM-10.30PM,NO,0,0.0,N,1.2930087738929534,103.90095536543812
1796,TP49,BLK 4/5 LORONG 7 TOA PAYOH,SURFACE CAR PARK,ELECTRONIC PARKING,WHOLE DAY,SUN & PH FR 7AM-10.30PM,YES,0,4.5,N,1.2920646053789593,103.9022450693025
1797,TP50,BLK 1 TO 3 LORONG 7 TOA PAYOH,SURFACE CAR PARK,ELECTRONIC PARKING,WHOLE DAY,SUN & PH FR 7AM-10.30PM,YES,0,0.0,N,1.2907444739603111,103.90225379722008
1798,TP52,BLK 210 TO 215 LORONG 8 TOA PAYOH,SURFACE CAR PARK,ELECTRONIC PARKING,WHOLE DAY,SUN & PH FR 7AM-10.30PM,YES,0,4.5,N,1.290853297735128,103.90476772859363
1799,TP53,BLK 216 TO 221 LORONG 8 TOA PAYOH,SURFACE CAR PARK,ELECTRONIC PARKING,WHOLE DAY,SUN & PH FR 7AM-10.30PM,YES,0,0.0,N,1.2918729978486594,103.90579452485349
1800,TP54,BLK 222 TO 224 LORONG 8 TOA PAYOH,SURFACE CAR PARK,ELECTRONIC PARKING,WHOLE DAY,SUN & PH FR 7AM-10.30PM,YES,0,0.0,N,1.292782294771697,103.90479783958504
1801,TP56,BLK 1 TO 21 LORONG 8 INDUSTRIAL PARK,SURFACE CAR PARK,COUPON PARKING,WHOLE DAY,SUN & PH FR 7AM-10.30PM,YES,0,0.0,N,1.2967917235731605,103.90012287729765
1802,TP57,BLK 1002 TO 1004 LORONG 8 TOA PAYOH,SURFACE CAR PARK,COUPON PARKING,WHOLE DAY,SUN & PH FR 7AM-10.30PM,YES,0,0.0,N,1.2968602541779042,103.89833958332216
1803,TP59,BLK 1003/1004 TOA PAYOH INDUSTRIAL PARK,SURFACE CAR PARK,COUPON PARKING,WHOLE DAY,SUN & PH FR 7AM-10.30PM,YES,0,0.0,N,1.2970569766627125,103.8976104653002
1804,TP60,BLK 236 TO 240 TOA PAYOH LORONG 1,SURFACE CAR PARK,ELECTRONIC PARKING,7AM-10.30PM,SUN & PH FR 7AM-10.30PM,NO,0,4.5,N,1.288558056041841,103.9035319919842
1805,TP61,BLK 190 TOA PAYOH CENTRAL MSCP,MULTI-STOREY CAR PARK,ELECTRONIC PARKING,WHOLE DAY,SUN & PH FR 7AM-10.30PM,YES,4,1.9,N,1.2845948348882452,103.89638264472003
1806,TP62,BLK 199 TO 201 TOA PAYOH NORTH,SURFACE CAR PARK,ELECTRONIC PARKING,WHOLE DAY,SUN & PH FR 7AM-10.30PM,YES,0,0.0,N,1.2867487700765037,103.90477856024509
1807,TP63,BLK 202 TO 204 TOA PAYOH NORTH,SURFACE CAR PARK,ELECTRONIC PARKING,WHOLE DAY,SUN & PH FR 7AM-10.30PM,YES,0,0.0,N,1.2853112563963567,103.9051190549285
1808,TP64,BLK 199 & 203 TOA PAYOH NORTH,SURFACE CAR PARK,COUPON PARKING,WHOLE DAY,SUN & PH FR 7AM-10.30PM,YES,0,0.0,N,1.2858952613453054,103.90569146865329
1809,TP65,BLK 62B LORONG 4 TOA PAYOH,SURFACE CAR PARK,COUPON PARKING,NO,NO,NO,0,4.5,N,1.2873471313254308,103.89904854562843
1810,TP66,BLK 19 LORONG 6 TOA PAYOH,SURFACE CAR PARK,COUPON PARKING,7AM-10.30PM,SUN & PH FR 7AM-10.30PM,NO,0,0.0,N,1.2927139569586175,103.89867565815854
1811,TP67,BLK 25-27/257-259 KIM KEAT AVENUE,SURFACE CAR PARK,ELECTRONIC PARKING,WHOLE DAY,SUN & PH FR 7AM-10.30PM,YES,0,4.5,N,1.2934419001637911,103.89616419579315
1812,TP68,BLK 196 KIM KEAT AVENUE,SURFACE CAR PARK,ELECTRONIC PARKING,WHOLE DAY,NO,YES,0,0.0,N,1.2956388648160408,103.8945610884189
1813,TP7,BLK 100/103-106 LORONG 1 TOA PAYOH,SURFACE CAR PARK,ELECTRONIC PARKING,WHOLE DAY,SUN & PH FR 7AM-10.30PM,YES,0,4.5,N,1.2850419883116062,103.90317310920999
1814,TP8,BLK 91-96/98/100 LORONG 3 TOA PAYOH,SURFACE CAR PARK,ELECTRONIC PARKING,WHOLE DAY,SUN & PH FR 7AM-10.30PM,YES,0,4.5,N,1.284725834710771,103.90276359328195
1815,TP8A,BLK 91-92 LOR 3/4 TOA PAYOH LORONG 3 TOA PAYOH,SURFACE CAR PARK,COUPON PARKING,WHOLE DAY,SUN & PH FR 7AM-10.30PM,YES,0,0.0,N,1.2856956296212496,103.90133082482112
1816,TRM,BLK 14A KAMPONG ARANG ROAD,MULTI-STOREY CAR PARK,ELECTRONIC PARKING,WHOLE DAY,SUN & PH FR 7AM-10.30PM,YES,5,2.15,N,1.3201616503932483,103.86395564207334
1817,TRS,BLK 14 KAMPONG ARANG ROAD,SURFACE CAR PARK,ELECTRONIC PARKING,WHOLE DAY,SUN & PH FR 7AM-10.30PM,YES,0,0.0,N,1.3199727030020143,103.86427170722423
1818,TR1,BLK 102/107 TOWNER ROAD,SURFACE CAR PARK,ELECTRONIC PARKING,7AM-10.30PM,SUN & PH FR 7AM-10.30PM,NO,0,4.5,N,1.2974668816404344,103.88322925907762
1819,TWM1,BLK 154A JALAN TECK WHYE,MULTI-STOREY CAR PARK,ELECTRONIC PARKING,WHOLE DAY,SUN & PH FR 7AM-10.30PM,YES,12,2.0,N,1.1932203553588583,103.94226760303695
1820,TWM2,BLK 158A JALAN TECK WHYE,MULTI-STOREY CAR PARK,ELECTRONIC PARKING,WHOLE DAY,SUN & PH FR 7AM-10.30PM,YES,12,2.15,N,1.1922578913812611,103.94274665624144
1821,TWM3,BLK 160A JALAN TECK WHYE,MULTI-STOREY CAR PARK,ELECTRONIC PARKING,WHOLE DAY,SUN & PH FR 7AM-10.30PM,YES,12,2.15,N,1.193002654768617,103.9434940467757
1822,TWM4,BLK 165 TECK WHYE CRESCENT,MULTI-STOREY CAR PARK,ELECTRONIC PARKING,WHOLE DAY,SUN & PH FR 7AM-10.30PM,YES,10,2.15,N,1.1896087155077386,103.9460094860185
1823,TWM5,BLK 153 JALAN TECK WHYE,MULTI-STOREY CAR PARK,ELECTRONIC PARKING,WHOLE DAY,NO,YES,1,2.15,N,1.194315824583122,103.94216227547292
1824,TWM6,BLK 161 JALAN TECK WHYE,MULTI-STOREY CAR PARK,ELECTRONIC PARKING,WHOLE DAY,NO,YES,12,2.15,N,1.193878451646493,103.94320041167582
1825,TW1,BLK 25/26 TECK WHYE LANE,SURFACE CAR PARK,ELECTRONIC PARKING,7AM-10.30PM,SUN & PH FR 7AM-10.30PM,NO,0,0.0,N,1.190831215517061,103.94081075438528
1826,TW2,BLK 15-20 TECK WHYE LANE,SURFACE CAR PARK,ELECTRONIC PARKING,WHOLE DAY,SUN & PH FR 7AM-10.30PM,YES,0,4.5,N,1.1901425677133766,103.94186569980731
1827,TW3,BLK 8/11 TECK WHYE LANE,SURFACE CAR PARK,ELECTRONIC PARKING,WHOLE DAY,SUN & PH FR 7AM-10.30PM,YES,0,0.0,N,1.19017283293867,103.94343556021519
1828,TW4,BLK 1/7 TECK WHYE AVENUE,SURFACE CAR PARK,ELECTRONIC PARKING,NO,SUN & PH FR 7AM-10.30PM,YES,0,0.0,N,1.1887572037398382,103.9451667071124
1829,TY1,BLK 1A TOH YI DRIVE,MULTI-STOREY CAR PARK,COUPON PARKING,WHOLE DAY,SUN & PH FR 7AM-10.30PM,YES,8,1.9,N,1.210183333694159,103.90240963596128
1830,TY2,BLK 1-19 TOH YI DRIVE,SURFACE CAR PARK,COUPON PARKING,7AM-10.30PM,NO,NO,0,4.5,N,1.209444560564308,103.90185276265855
1831,TY3T,BLK 17/18 TOH YI DRIVE,SURFACE CAR PARK,COUPON PARKING,WHOLE DAY,NO,YES,0,0.0,N,1.2081745093097227,103.90348192185333
1832,TY4,BLK 21 TOH YI DRIVE,SURFACE CAR PARK,COUPON PARKING,7AM-10.30PM,NO,NO,0,2.5,N,1.2077518577136894,103.9018394572885
1833,T1,BLK 101/108 TAMPINES STREET 11,SURFACE CAR PARK,ELECTRONIC PARKING,WHOLE DAY,SUN & PH FR 7AM-10.30PM,YES,0,0.0,N,1.3838530881490385,103.91089582873468
1834,T11,BLK 149/151 TAMPINES STREET 12,SURFACE CAR PARK,ELECTRONIC PARKING,7AM-10.30PM,NO,NO,0,0.0,N,1.3802038166653103,103.91412995359788
1835,T12,BLK 156/160 TAMPINES STREET 12,SURFACE CAR PARK,ELECTRONIC PARKING,7AM-10.30PM,NO,NO,0,0.0,N,1.3826672210699078,103.91438828974907
1836,T13,BLK 161/166 TAMPINES STREET 12,SURFACE CAR PARK,ELECTRONIC PARKING,WHOLE DAY,SUN & PH FR 7AM-10.30PM,YES,0,0.0,N,1.3826413470985077,103.9123394631441
1837,T15,BLK 201A/201C TAMPINES STREET 21,SURFACE CAR PARK,ELECTRONIC PARKING,WHOLE DAY,NO,YES,0,0.0,N,1.389709191539634,103.9164968448922
1838,T16,BLK 202/205 TAMPINES STREET 21,SURFACE CAR PARK,ELECTRONIC PARKING,WHOLE DAY,NO,YES,0,0.0,N,1.3892568204734452,103.91584350000784
1839,T17,BLK 201D/209/208A TAMPINES STREET 21,SURFACE CAR PARK,ELECTRONIC PARKING,WHOLE DAY,NO,YES,0,4.5,N,1.3902197048309861,103.91528079952387
1840,T18,BLK 201E TAMPINES STREET 21,SURFACE CAR PARK,ELECTRONIC PARKING,WHOLE DAY,NO,YES,0,0.0,N,1.3908946080329425,103.91647542205571
1841,T19,BLK 210/230 TAMPINES STREET 23,SURFACE CAR PARK,ELECTRONIC PARKING,WHOLE DAY,SUN & PH FR 7AM-10.30PM,YES,0,4.5,N,1.3902971568662437,103.9178149297682
1842,T20,BLK 231/238 TAMPINES STREET 21,SURFACE CAR PARK,ELECTRONIC PARKING,WHOLE DAY,NO,YES,0,0.0,N,1.3842727725491255,103.91948409638137
1843,T24,BLK 239/244 TAMPINES STREET 21,SURFACE CAR PARK,ELECTRONIC PARKING,WHOLE DAY,NO,YES,0,0.0,N,1.3841910965506963,103.91771629320252
1844,T25,BLK 245/248 TAMPINES STREET 21,SURFACE CAR PARK,ELECTRONIC PARKING,7AM-10.30PM,NO,NO,0,0.0,N,1.3840191334151677,103.91596300521165
1845,T26,BLK 249/266 TAMPINES STREET 21,SURFACE CAR PARK,ELECTRONIC PARKING,WHOLE DAY,SUN & PH FR 7AM-10.30PM,YES,0,4.5,N,1.3860222502984445,103.9155162156917
1846,T27,BLK 251/253 TAMPINES STREET 21,SURFACE CAR PARK,ELECTRONIC PARKING,WHOLE DAY,SUN & PH FR 7AM-10.30PM,YES,0,4.5,N,1.3851094518773537,103.91629555709973
1847,T28,BLK 257/260 TAMPINES STREET 21,SURFACE CAR PARK,ELECTRONIC PARKING,WHOLE DAY,SUN & PH FR 7AM-10.30PM,YES,0,0.0,N,1.3863242226065404,103.91751169561456
1848,T29,BLK 255/264 TAMPINES STREET 21,SURFACE CAR PARK,ELECTRONIC PARKING,WHOLE DAY,SUN & PH FR 7AM-10.30PM,YES,0,4.5,N,1.3879030217338622,103.91731276171348
1849,T3,BLK 109/114 TAMPINES STREET 11,SURFACE CAR PARK,ELECTRONIC PARKING,WHOLE DAY,SUN & PH FR 7AM-10.30PM,YES,0,0.0,N,1.384355995959043,103.90997156635233
1850,T30,BLK 267/271 TAMPINES STREET 21,SURFACE CAR PARK,ELECTRONIC PARKING,WHOLE DAY,SUN & PH FR 7AM-10.30PM,YES,0,0.0,N,1.3863417727545564,103.91436669866805
1851,T31,BLK 268-270 TAMPINES STREET 21,SURFACE CAR PARK,ELECTRONIC PARKING,WHOLE DAY,SUN & PH FR 7AM-10.30PM,YES,0,0.0,N,1.3848956133852157,103.91442575510102
1852,T32,BLK 272-275 TAMPINES STREET 22,SURFACE CAR PARK,ELECTRONIC PARKING,WHOLE DAY,SUN & PH FR 7AM-10.30PM,YES,0,4.5,N,1.3873795252766905,103.91225996487832
1853,T33,BLK 276/282 TAMPINES STREET 22,SURFACE CAR PARK,ELECTRONIC PARKING,WHOLE DAY,SUN & PH FR 7AM-10.30PM,YES,0,4.5,N,1.3892689022696079,103.91084182890957
1854,T34,BLK 283/286 TAMPINES STREET 22,SURFACE CAR PARK,ELECTRONIC PARKING,7AM-10.30PM,SUN & PH FR 7AM-10.30PM,NO,0,0.0,N,1.3896332728903185,103.91222838455835
1855,T35,BLK 287/298/299A/299B TAMPINES STREET 22,SURFACE CAR PARK,ELECTRONIC PARKING,7AM-10.30PM,SUN & PH FR 7AM-10.30PM,NO,0,0.0,N,1.3911951797359654,103.91220039719822
1856,T37,"BLK 801, 820, 897/898 TAMPINES AVENUE 4/STREET 81",SURFACE CAR PARK,ELECTRONIC PARKING,WHOLE DAY,SUN & PH FR 7AM-10.30PM,YES,0,4.5,N,1.3732156712415018,103.91008584616641
1857,T38,"BLK 902-916, 942-946 TAMPINES STREET 91",SURFACE CAR PARK,ELECTRONIC PARKING,WHOLE DAY,SUN & PH FR 7AM-10.30PM,YES,0,4.5,N,1.3774050942628802,103.91362779364907
1858,T39,BLK 921-941 TAMPINES STREET 91,SURFACE CAR PARK,ELECTRONIC PARKING,7AM-10.30PM,SUN & PH FR 7AM-10.30PM,NO,0,4.5,N,1.3773587544318118,103.90902173545659
1859,T4,BLK 124/127 TAMPINES STREET 11,SURFACE CAR PARK,ELECTRONIC PARKING,WHOLE DAY,SUN & PH FR 7AM-10.30PM,YES,0,4.5,N,1.3867434187548144,103.90875888189983
1860,T41,BLK 821/829 TAMPINES STREET 81,SURFACE CAR PARK,ELECTRONIC PARKING,WHOLE DAY,SUN & PH FR 7AM-10.30PM,YES,0,4.5,N,1.3721470031867637,103.91155194831096
1861,T42,BLK 824/827 TAMPINES STREET 81,SURFACE CAR PARK,ELECTRONIC PARKING,WHOLE DAY,NO,YES,0,4.5,N,1.3695426288058243,103.9126013254668
1862,T43,BLK 831/841 TAMPINES STREET 83,SURFACE CAR PARK,ELECTRONIC PARKING,WHOLE DAY,NO,YES,0,0.0,N,1.3711629269994488,103.91445235290654
1863,T44,BLK 830/840 TAMPINES STREET 82,SURFACE CAR PARK,ELECTRONIC PARKING,WHOLE DAY,NO,YES,0,4.5,N,1.3722088814833713,103.91401608729564
1864,T45,BLK 843/855 TAMPINES STREET 83,SURFACE CAR PARK,ELECTRONIC PARKING,WHOLE DAY,SUN & PH FR 7AM-10.30PM,YES,0,0.0,N,1.3720401281430958,103.91635517954963
1865,T46,BLK 842/856 TAMPINES STREET 82,SURFACE CAR PARK,ELECTRONIC PARKING,7AM-10.30PM,SUN & PH FR 7AM-10.30PM,NO,0,4.5,N,1.3733732109985444,103.91579013685231
1866,T47,BLK 857/864 TAMPINES STREET 83/AVENUE 5,SURFACE CAR PARK,ELECTRONIC PARKING,WHOLE DAY,SUN & PH FR 7AM-10.30PM,YES,0,4.5,N,1.373744011290647,103.918189542225
1867,T47A,BLK 864B TAMPINES STREET 83,MULTI-STOREY CAR PARK,ELECTRONIC PARKING,WHOLE DAY,SUN & PH FR 7AM-10.30PM,YES,5,1.9,N,1.3719479206690406,103.91818537243712
1868,T48,BLK 865/874A TAMPINES STREET 83/84,SURFACE CAR PARK,ELECTRONIC PARKING,7AM-10.30PM,SUN & PH FR 7AM-10.30PM,NO,0,4.5,N,1.3696690136025496,103.91717017306003
1869,T49,BLK 875/886A TAMPINES STREET 84 /AVENUE 8,SURFACE CAR PARK,COUPON PARKING,7AM-10.30PM,SUN & PH FR 7AM-10.30PM,NO,0,4.5,N,1.368239997855679,103.91528625501446
1870,T49A,BLK 882A TAMPINES STREET 83,MULTI-STOREY CAR PARK,COUPON PARKING,WHOLE DAY,SUN & PH FR 7AM-10.30PM,YES,5,1.8,N,1.3702412885805133,103.9147144256619
1871,T50,BLK 887-889 TAMPINES STREET 81/AVENUE 3,SURFACE CAR PARK,ELECTRONIC PARKING,7AM-10.30PM,SUN & PH FR 7AM-10.30PM,NO,0,4.5,N,1.3678082163663152,103.914025914196
1872,T51,BLK 894-896 TAMPINES STREET 81,SURFACE CAR PARK,ELECTRONIC PARKING,7AM-10.30PM,SUN & PH FR 7AM-10.30PM,NO,0,0.0,N,1.368513557884938,103.91206473993768
1873,T54,BLK 513 TAMPINES CENTRAL 1,SURFACE CAR PARK,COUPON PARKING,WHOLE DAY,NO,YES,0,4.5,N,1.3806134568825135,103.91689152450297
1874,T55,BLK 501/508 TAMPINES CENTRAL 1,SURFACE CAR PARK,ELECTRONIC PARKING,NO,NO,NO,0,0.0,N,1.3821508289064808,103.91956364788517
1875,T56,BLK 827A TAMPINES STREET 81,SURFACE CAR PARK,COUPON PARKING,7AM-10.30PM,NO,NO,0,0.0,N,1.3696958521116656,103.9133936081613
1876,T57,BLK 885A TAMPINES STREET 83,SURFACE CAR PARK,ELECTRONIC PARKING,7AM-10.30PM,NO,NO,0,0.0,N,1.369890037464002,103.91405020832215
1877,T58,BLK 872A TAMPINES STREET 86,SURFACE CAR PARK,ELECTRONIC PARKING,WHOLE DAY,NO,YES,0,0.0,N,1.3679325386271652,103.9186162008829
1878,T7,BLK 136/138 TAMPINES STREET 11,SURFACE CAR PARK,ELECTRONIC PARKING,WHOLE DAY,SUN & PH FR 7AM-10.30PM,YES,0,0.0,N,1.382708725647144,103.9088079270554
1879,T7A,BLK 136A TAMPINES STREET 11,MULTI-STOREY CAR PARK,ELECTRONIC PARKING,WHOLE DAY,SUN & PH FR 7AM-10.30PM,YES,12,2.15,N,1.3825294607309995,103.90830340155708
1880,T72,BLK 401/417 TAMPINES STREET 41,SURFACE CAR PARK,ELECTRONIC PARKING,WHOLE DAY,SUN & PH FR 7AM-10.30PM,YES,0,4.5,N,1.3825111950179525,103.92135158874379
1881,T73,BLK 418/424 TAMPINES STREET 41,SURFACE CAR PARK,ELECTRONIC PARKING,WHOLE DAY,SUN & PH FR 7AM-10.30PM,YES,0,4.5,N,1.383831676714648,103.92134313508402
1882,T74,BLK 425/428 TAMPINES STREET 41,SURFACE CAR PARK,ELECTRONIC PARKING,WHOLE DAY,SUN & PH FR 7AM-10.30PM,YES,0,4.5,N,1.385131192263083,103.9226634017614
1883,T75,BLK 429/432 TAMPINES STREET 41,SURFACE CAR PARK,ELECTRONIC PARKING,7AM-10.30PM,SUN & PH FR 7AM-10.30PM,NO,0,4.5,N,1.3873866335252218,103.92257892221453
1884,T76,BLK 433/443 TAMPINES STREET 43,SURFACE CAR PARK,ELECTRONIC PARKING,7AM-10.30PM,SUN & PH FR 7AM-10.30PM,NO,0,3.8,N,1.3885819092042109,103.92341239563314
1885,T77,BLK 472/484 TAMPINES STREET 43/44,SURFACE CAR PARK,ELECTRONIC PARKING,NO,NO,NO,0,4.5,N,1.3897219282451188,103.92491274468226
1886,T78,BLK 444/450 TAMPINES STREET 42,SURFACE CAR PARK,ELECTRONIC PARKING,7AM-10.30PM,SUN & PH FR 7AM-10.30PM,NO,0,4.5,N,1.3881482964760956,103.92093786225999
1887,T79,BLK 451/460 TAMPINES STREET 42,SURFACE CAR PARK,ELECTRONIC PARKING,7AM-10.30PM,SUN & PH FR 7AM-10.30PM,NO,0,4.5,N,1.3914277175923586,103.92067529027808
1888,T8,BLK 137/139 TAMPINES STREET 11,SURFACE CAR PARK,ELECTRONIC PARKING,WHOLE DAY,SUN & PH FR 7AM-10.30PM,YES,0,0.0,N,1.3810828888237032,103.90974628957999
1889,T80,BLK 461/471 TAMPINES STREET 44,SURFACE CAR PARK,ELECTRONIC PARKING,WHOLE DAY,SUN & PH FR 7AM-10.30PM,YES,0,4.5,N,1.391531712115085,103.92304602531955
1890,T81,BLK 485A/489C TAMPINES STREET 45/AVENUE 9,SURFACE CAR PARK,ELECTRONIC PARKING,WHOLE DAY,SUN & PH FR 7AM-10.30PM,YES,0,0.0,N,1.3949481364386345,103.92357400663415
1891,T9,BLK 140/148 TAMPINES STREET 12,SURFACE CAR PARK,ELECTRONIC PARKING,7AM-10.30PM,SUN & PH FR 7AM-10.30PM,NO,0,4.5,N,1.3805359087996552,103.9111393729181
1892,UAM1,BLK 2A JOO SENG ROAD,MULTI-STOREY CAR PARK,ELECTRONIC PARKING,WHOLE DAY,SUN & PH FR 7AM-10.30PM,YES,12,2.15,N,1.315687345164491,103.89790235288469
1893,UA2,BLK 3 TO 5 UPPER ALJUNIED LANE,SURFACE CAR PARK,ELECTRONIC PARKING,WHOLE DAY,SUN & PH FR 7AM-10.30PM,YES,0,4.5,N,1.3157027364854006,103.89710069210177
1894,UA3,BLK 10/11/19 TO 21 JOO SENG ROAD,SURFACE CAR PARK,ELECTRONIC PARKING,7AM-10.30PM,SUN & PH FR 7AM-10.30PM,NO,0,0.0,N,1.3171107613688557,103.89805803552346
1895,UA4,BLK 8 JOO SENG ROAD,SURFACE CAR PARK,COUPON PARKING,7AM-10.30PM,NO,NO,0,0.0,N,1.3153950656628315,103.89869150760978
1896,UA5,BLK 12 TO 18 JOO SENG ROAD,SURFACE CAR PARK,ELECTRONIC PARKING,7AM-10.30PM,SUN & PH FR 7AM-10.30PM,NO,0,5.4,N,1.3176684463888562,103.89990503886726
1897,UA6,BLK 2 UPPER ALJUNIED LANE,SURFACE CAR PARK,ELECTRONIC PARKING,WHOLE DAY,SUN & PH FR 7AM-10.30PM,YES,0,4.5,N,1.3156297831219579,103.897630537334
1898,UBA4,- UBI AVENUE 4,SURFACE CAR PARK,COUPON PARKING,7AM-10.30PM,SUN & PH FR 7AM-10.30PM,NO,0,0.0,N,1.3327552393589723,103.89916963022247
1899,UBKM,BLK 13A UPPER BOON KENG ROAD,MULTI-STOREY CAR PARK,ELECTRONIC PARKING,WHOLE DAY,SUN & PH FR 7AM-10.30PM,YES,12,2.15,N,1.3072964791495463,103.87834106130506
1900,UBK2,BLK 11/15/18 UPPER BOON KENG,SURFACE CAR PARK,ELECTRONIC PARKING,WHOLE DAY,SUN & PH FR 7AM-10.30PM,YES,0,4.5,N,1.3078214213602155,103.87912296063361
1901,UBK4,BLK 19/20 UPPER BOON KENG,SURFACE CAR PARK,ELECTRONIC PARKING,WHOLE DAY,SUN & PH FR 7AM-10.30PM,YES,0,3.25,N,1.310529595161506,103.87881580053752
1902,UBK5,BLK 38/39 UPPER BOON KENG,SURFACE CAR PARK,ELECTRONIC PARKING,WHOLE DAY,SUN & PH FR 7AM-10.30PM,YES,0,3.25,N,1.3103998292570054,103.88204276315012
1903,UBM1,BLK 5 UPPER BOON KENG ROAD,MULTI-STOREY CAR PARK,ELECTRONIC PARKING,WHOLE DAY,SUN & PH FR 7AM-10.30PM,YES,7,2.15,N,1.3090533283049528,103.87618649590644
1904,UBM2,BLK 8 UPPER BOON KENG ROAD,MULTI-STOREY CAR PARK,ELECTRONIC PARKING,WHOLE DAY,SUN & PH FR 7AM-10.30PM,YES,12,2.15,N,1.3068065497166987,103.87665017732428
1905,UCS,BLK 34 UPPER CROSS STREET CAR PARK,SURFACE CAR PARK,COUPON PARKING,WHOLE DAY,SUN & PH FR 7AM-10.30PM,YES,0,0.0,N,1.2780886704150223,103.85037278263687
1906,U1,BLK 101/110 BUKIT BATOK WEST AVENUE 6,SURFACE CAR PARK,ELECTRONIC PARKING,WHOLE DAY,SUN & PH FR 7AM-10.30PM,YES,0,4.5,N,1.1826007683979838,103.91170208976428
1907,U10,BLK 178/184 BUKIT BATOK WEST AVENUE 8,SURFACE CAR PARK,ELECTRONIC PARKING,WHOLE DAY,SUN & PH FR 7AM-10.30PM,YES,0,0.0,N,1.1793224426596736,103.9091327118644
1908,U11,BLK 166 BUKIT BATOK WEST AVENUE 8,SURFACE CAR PARK,ELECTRONIC PARKING,7AM-7PM,NO,NO,0,0.0,N,1.1788987077664947,103.91073961082367
1909,U12,BLK 201/211 BUKIT BATOK STREET 21,SURFACE CAR PARK,ELECTRONIC PARKING,WHOLE DAY,SUN & PH FR 7AM-10.30PM,YES,0,3.8,N,1.1851056039673713,103.91028319279994
1910,U13,BLK 212/230 BUKIT BATOK STREET 21,SURFACE CAR PARK,ELECTRONIC PARKING,WHOLE DAY,SUN & PH FR 7AM-10.30PM,YES,0,4.5,N,1.188881865767146,103.91111959386865
1911,U14,BLK 217/219 BUKIT BATOK STREET 21,SURFACE CAR PARK,COUPON PARKING,7AM-10.30PM,SUN & PH FR 7AM-10.30PM,NO,0,4.15,N,1.190604793839274,103.9103110755412
1912,U15,BLK 231/237 BUKIT BATOK EAST AVENUE 5,SURFACE CAR PARK,ELECTRONIC PARKING,WHOLE DAY,SUN & PH FR 7AM-10.30PM,YES,0,5.4,N,1.1911101445273882,103.91219284237947
1913,U16,BLK 238/241 BUKIT BATOK EAST AVENUE 5,SURFACE CAR PARK,ELECTRONIC PARKING,WHOLE DAY,SUN & PH FR 7AM-10.30PM,YES,0,5.4,N,1.190734944812909,103.91373473016704
1914,U17,BLK 242/253 BUKIT BATOK EAST AVENUE 2/5,SURFACE CAR PARK,ELECTRONIC PARKING,WHOLE DAY,SUN & PH FR 7AM-10.30PM,YES,0,5.4,N,1.192488291684853,103.91339725389179
1915,U18,BLK 254/265 BUKIT BATOK EAST AVENUE 4,SURFACE CAR PARK,ELECTRONIC PARKING,WHOLE DAY,SUN & PH FR 7AM-10.30PM,YES,0,4.5,N,1.1944285552190899,103.91438426477733
1916,U19,BLK 266/284 BUKIT BATOK EAST AVENUE 3/4,SURFACE CAR PARK,ELECTRONIC PARKING,WHOLE DAY,SUN & PH FR 1PM-10.30PM,YES,0,4.5,N,1.194014952172785,103.91181445721378
1917,U2,BLK 111/132 BUKIT BATOK WEST AVENUE 6,SURFACE CAR PARK,ELECTRONIC PARKING,WHOLE DAY,SUN & PH FR 7AM-10.30PM,YES,0,9.99,N,1.1819242287725011,103.91317526924162
1918,U20,- BUKIT BATOK EAST AVENUE 2/6,SURFACE CAR PARK,COUPON PARKING,7AM-10.30PM,SUN & PH FR 7AM-10.30PM,NO,0,0.0,N,1.1962010909579963,103.91045242731371
1919,U21,BLK 301/309 BUKIT BATOK STREET 31,SURFACE CAR PARK,ELECTRONIC PARKING,WHOLE DAY,SUN & PH FR 7AM-10.30PM,YES,0,5.4,N,1.1842132768228542,103.92060971014524
1920,U22,BLK 310/323 BUKIT BATOK STREET 32/33,SURFACE CAR PARK,ELECTRONIC PARKING,WHOLE DAY,SUN & PH FR 7AM-10.30PM,YES,0,0.0,N,1.1821308827100339,103.92399655106149
1921,U23,BLK 407-426 BUKIT BATOK WEST AVENUE 2/4,SURFACE CAR PARK,ELECTRONIC PARKING,WHOLE DAY,SUN & PH FR 1PM-10.30PM,YES,0,0.0,N,1.18117553341319,103.92623879195344
1922,U24,BLK 324/336 BUKIT BATOK STREET 32/33,SURFACE CAR PARK,ELECTRONIC PARKING,WHOLE DAY,SUN & PH FR 1PM-10.30PM,YES,0,4.5,N,1.1832689706410568,103.92711982893032
1923,U24T,BLK 333/334 BUKIT BATOK WEST AVENUE 4,SURFACE CAR PARK,ELECTRONIC PARKING,WHOLE DAY,SUN & PH FR 1PM-10.30PM,YES,0,9.99,N,1.1830510551726015,103.92772424007354
1924,U25,BLK 337-353/355-356 BUKIT BATOK STREET 34,SURFACE CAR PARK,ELECTRONIC PARKING,WHOLE DAY,SUN & PH FR 7AM-10.30PM,YES,0,0.0,N,1.185648842522947,103.92632229421632
1925,U26,BLK 354/357-370 BUKIT BATOK STREET 31,SURFACE CAR PARK,ELECTRONIC PARKING,WHOLE DAY,SUN & PH FR 7AM-10.30PM,YES,0,0.0,N,1.1857710979522624,103.92375015719773
1926,U27,BLK 371-373 BUKIT BATOK STREET 31,SURFACE CAR PARK,ELECTRONIC PARKING,WHOLE DAY,SUN & PH FR 7AM-10.30PM,YES,0,9.99,N,1.186710742743603,103.92283288176817
1927,U28,BLK 374-376 BUKIT BATOK STREET 31,SURFACE CAR PARK,ELECTRONIC PARKING,WHOLE DAY,SUN & PH FR 7AM-10.30PM,YES,0,9.99,N,1.1862035776987243,103.92112665929767
1928,U29,BLK 376 BUKIT BATOK MSCP,MULTI-STOREY CAR PARK,ELECTRONIC PARKING,WHOLE DAY,SUN & PH FR 7AM-10.30PM,YES,3,1.9,N,1.1849328549242573,103.92183848057813
1929,U3,BLK 133/139 BUKIT BATOK WEST AVENUE 6,SURFACE CAR PARK,ELECTRONIC PARKING,WHOLE DAY,SUN & PH FR 7AM-10.30PM,YES,0,4.5,N,1.1799539402641952,103.91468491118943
1930,U30,BLK 523-525 BUKIT BATOK STREET 52,SURFACE CAR PARK,ELECTRONIC PARKING,WHOLE DAY,SUN & PH FR 7AM-10.30PM,YES,0,0.0,N,1.1883513544188635,103.92017151702787
1931,U31,BLKS 526-534 BUKIT BATOK STREET 51,SURFACE CAR PARK,ELECTRONIC PARKING,WHOLE DAY,SUN & PH FR 7AM-10.30PM,YES,0,4.5,N,1.1867193345980391,103.9201705541134
1932,U32,BLKS 512-514 BUKIT BATOK STREET 52,SURFACE CAR PARK,ELECTRONIC PARKING,7AM-10.30PM,SUN & PH FR 7AM-10.30PM,NO,0,4.5,N,1.1882697076917883,103.91737560215557
1933,U33,BLKS 535-542 BUKIT BATOK STREET 51/52,SURFACE CAR PARK,ELECTRONIC PARKING,WHOLE DAY,SUN & PH FR 7AM-10.30PM,YES,0,4.5,N,1.1869541948450288,103.9182479244052
1934,U34,BLKS 501-511 BUKIT BATOK STREET 52,SURFACE CAR PARK,ELECTRONIC PARKING,WHOLE DAY,SUN & PH FR 7AM-10.30PM,YES,0,4.5,N,1.1893659183595364,103.91502437734253
1935,U38,BLK 185/187 BUKIT BATOK WEST AVENUE 6,SURFACE CAR PARK,ELECTRONIC PARKING,7AM-10.30PM,SUN & PH FR 7AM-10.30PM,NO,0,0.0,N,1.1801808061020185,103.91004927726551
1936,U39,BLK 631 BUKIT BATOK CENTRAL,MULTI-STOREY CAR PARK,ELECTRONIC PARKING,WHOLE DAY,SUN & PH FR 7AM-10.30PM,YES,2,1.9,N,1.1866340006812894,103.9130629209656
1937,U4,BLK 140/143 BUKIT BATOK STREET 11,SURFACE CAR PARK,ELECTRONIC PARKING,WHOLE DAY,SUN & PH FR 1PM-10.30PM,YES,0,0.0,N,1.1788149550759572,103.91395131309476
1938,U40,BLK 644A BUKIT BATOK CENTRAL,MULTI-STOREY CAR PARK,ELECTRONIC PARKING,WHOLE DAY,SUN & PH FR 7AM-10.30PM,YES,10,1.9,N,1.1870159036500074,103.91194318863208
1939,U41,BLK 632/644 BUKIT BATOK CENTRAL,SURFACE CAR PARK,ELECTRONIC PARKING,WHOLE DAY,SUN & PH FR 7AM-10.30PM,YES,0,4.0,N,1.1877003459150093,103.91278986134499
1940,U41A,BLK 630 BUKIT BATOK CENTRAL,SURFACE CAR PARK,COUPON PARKING,WHOLE DAY,SUN & PH FR 7AM-10.30PM,YES,0,9.99,N,1.185306022873752,103.91342388715236
1941,U43,BLK 404A BUKIT BATOK WEST AVENUE 7,MULTI-STOREY CAR PARK,ELECTRONIC PARKING,WHOLE DAY,SUN & PH FR 7AM-10.30PM,YES,10,1.9,N,1.1815495214957552,103.92828735268677
1942,U45,BLK 285A BUKIT BATOK EAST AVENUE 3,MULTI-STOREY CAR PARK,ELECTRONIC PARKING,7AM-7PM,NO,NO,2,2.0,N,1.1935886965976654,103.91024035147214
1943,U46,BLK 297 - 299 BUKIT BATOK ST 22 BUKIT BATOK STREET 22,SURFACE CAR PARK,ELECTRONIC PARKING,7AM-10.30PM,SUN & PH FR 7AM-10.30PM,NO,0,0.0,N,1.183250286166207,103.90750794061225
1944,U48,BLK 350 BUKIT BATOK STREET 32,SURFACE CAR PARK,ELECTRONIC PARKING,WHOLE DAY,NO,YES,0,0.0,N,1.1844015082675357,103.92466219132955
1945,U49,210A BUKIT BATOK STREET 21,SURFACE CAR PARK,COUPON PARKING,7AM-7PM,NO,NO,0,0.0,N,1.1864524524439513,103.90866010706189
1946,U5,BLK 144/149 BUKIT BATOK WEST AVENUE 6,SURFACE CAR PARK,ELECTRONIC PARKING,WHOLE DAY,SUN & PH FR 1PM-10.30PM,YES,0,0.0,N,1.1802822845818892,103.91343832315448
1947,U50,BLK 230A BUKIT BATOK ST 21 BUKIT BATOK STREET 21,SURFACE CAR PARK,ELECTRONIC PARKING,WHOLE DAY,SUN & PH FR 7AM-10.30PM,YES,0,0.0,N,1.191326963529785,103.9106610704928
1948,U51,BLK 412A BUKIT BATOK WEST AVENUE 4,MULTI-STOREY CAR PARK,ELECTRONIC PARKING,WHOLE DAY,SUN & PH FR 7AM-10.30PM,YES,7,2.15,N,1.1821000026774786,103.92804997764226
1949,U52,BLK 194 BUKIT BATOK WEST AVENUE 6,MULTI-STOREY CAR PARK,ELECTRONIC PARKING,WHOLE DAY,SUN & PH FR 7AM-10.30PM,YES,6,2.15,N,1.1806235521251405,103.9079446013666
1950,U53,BLK 296 BUKIT BATOK STREET 22,MULTI-STOREY CAR PARK,ELECTRONIC PARKING,WHOLE DAY,SUN & PH FR 7AM-10.30PM,YES,5,2.15,N,1.1823443573887351,103.90694461620146
1951,U54,241A BUKIT BATOK EAST AVENUE 5,MULTI-STOREY CAR PARK,ELECTRONIC PARKING,WHOLE DAY,SUN & PH FR 7AM-10.30PM,YES,10,2.15,N,1.1909261880283475,103.91407513245802
1952,U55,BLK 445 BUKIT BATOK WEST AVENUE 8,MULTI-STOREY CAR PARK,ELECTRONIC PARKING,WHOLE DAY,SUN & PH FR 7AM-10.30PM,YES,8,2.15,N,1.1738084544501617,103.91413038456132
1953,U56,BLK 443 BUKIT BATOK WEST AVENUE 8,MULTI-STOREY CAR PARK,ELECTRONIC PARKING,WHOLE DAY,SUN & PH FR 7AM-10.30PM,YES,13,2.15,N,1.1728878037940078,103.91940840647396
1954,U57,BLK 293 BUKIT BATOK STREET 21,MULTI-STOREY CAR PARK,ELECTRONIC PARKING,WHOLE DAY,SUN & PH FR 7AM-10.30PM,YES,12,2.15,N,1.191025148256557,103.90933024248902
1955,U58,BLK 448 BT BATOK WEST AVENUE 9,MULTI-STOREY CAR PARK,ELECTRONIC PARKING,WHOLE DAY,SUN & PH FR 7AM-10.30PM,YES,14,2.15,N,1.176050619502745,103.91543251908088
1956,U59,BLK 292 BUKIT BATOK EAST AVENUE 6,MULTI-STOREY CAR PARK,ELECTRONIC PARKING,WHOLE DAY,SUN & PH FR 7AM-10.30PM,YES,12,2.15,N,1.191042925398139,103.90778118758158
1957,U6,BLK 150/158 BUKIT BATOK STREET 11,SURFACE CAR PARK,ELECTRONIC PARKING,WHOLE DAY,SUN & PH FR 1PM-10.30PM,YES,0,9.99,N,1.1797041994563795,103.91134426132344
1958,U60,BLK 451 BUKIT BATOK WEST AVENUE 6,MULTI-STOREY CAR PARK,ELECTRONIC PARKING,WHOLE DAY,SUN & PH FR 7AM-10.30PM,YES,12,2.15,N,1.179608646784594,103.9163215064121
1959,U61,BLK440 BUKIT BATOK WEST AVENUE 8,MULTI-STOREY CAR PARK,ELECTRONIC PARKING,WHOLE DAY,SUN & PH FR 7AM-10.30PM,YES,12,2.15,N,1.1748508251954664,103.91893130898265
1960,U62,BLK 453 BUKIT BATOK WEST AVENUE 6,MULTI-STOREY CAR PARK,ELECTRONIC PARKING,WHOLE DAY,SUN & PH FR 7AM-10.30PM,YES,10,2.15,N,1.1776541881185874,103.91492061609898
1961,U63,BLK 377A BUKIT BATOK STREET 31,MULTI-STOREY CAR PARK,ELECTRONIC PARKING,WHOLE DAY,NO,YES,3,2.15,N,1.1854820568874134,103.922526546361
1962,U64,BLK 461 BUKIT BATOK WEST AVENUE 8,MULTI-STOREY CAR PARK,ELECTRONIC PARKING,WHOLE DAY,SUN & PH FR 7AM-10.30PM,YES,11,2.15,N,1.1752906454044028,103.91785101382344
1963,U65,BLK 439 BUKIT BATOK WEST AVENUE 8,MULTI-STOREY CAR PARK,ELECTRONIC PARKING,WHOLE DAY,SUN & PH FR 7AM-10.30PM,YES,11,2.15,N,1.1755462434218094,103.92065012333306
1964,U66,BLK 436 BUKIT BATOK WEST AVENUE 5,MULTI-STOREY CAR PARK,ELECTRONIC PARKING,WHOLE DAY,SUN & PH FR 7AM-10.30PM,YES,15,2.15,N,1.1751933155967444,103.92194820149714
1965,U67,BLK 432 BUKIT BATOK WEST AVENUE 8,MULTI-STOREY CAR PARK,ELECTRONIC PARKING,WHOLE DAY,SUN & PH FR 7AM-10.30PM,YES,12,2.15,N,1.177912154892795,103.92376072552352
1966,U68,BLK 460 BUKIT BATOK WEST AVENUE 9,MULTI-STOREY CAR PARK,ELECTRONIC PARKING,WHOLE DAY,SUN & PH FR 7AM-10.30PM,YES,11,2.15,N,1.1753316323302003,103.91721799248562
1967,U69,BLK 467 BUKIT BATOK WEST AVENUE 9,MULTI-STOREY CAR PARK,ELECTRONIC PARKING,WHOLE DAY,SUN & PH FR 7AM-10.30PM,YES,5,2.2,N,1.179062598111209,103.92034135607355
1968,U7,BLK 159/164 BUKIT BATOK STREET 11,SURFACE CAR PARK,ELECTRONIC PARKING,WHOLE DAY,SUN & PH FR 7AM-10.30PM,YES,0,9.99,N,1.1776803566926228,103.91201803101544
1969,U70,BLK 463 BUKIT BATOK STREET 41,MULTI-STOREY CAR PARK,ELECTRONIC PARKING,WHOLE DAY,SUN & PH FR 7AM-10.30PM,YES,6,2.15,N,1.177006071529763,103.92007201106824
1970,U71,BLK 113C BUKIT BATOK WEST AVENUE 6,MULTI-STOREY CAR PARK,ELECTRONIC PARKING,WHOLE DAY,NO,YES,5,2.15,N,1.1809455036557257,103.91260657992842
1971,U8,BLK 165/168 BUKIT BATOK WEST AVENUE 8,SURFACE CAR PARK,ELECTRONIC PARKING,WHOLE DAY,SUN & PH FR 7AM-10.30PM,YES,0,0.0,N,1.1774810028267813,103.91048236355437
1972,U9,BLK 169/177 BUKIT BATOK WEST AVENUE 8,SURFACE CAR PARK,ELECTRONIC PARKING,WHOLE DAY,SUN & PH FR 7AM-10.30PM,YES,0,4.5,N,1.176785758912625,103.90920073005593
1973,WCB,BLK 261/262/264 WATERLOO BASEMENT CAR PARK,BASEMENT CAR PARK,ELECTRONIC PARKING,WHOLE DAY,NO,YES,1,1.9,Y,1.2882361701907585,103.86244162118749
1974,WCC,900 SOUTH WOODLANDS DR,BASEMENT CAR PARK,ELECTRONIC PARKING,WHOLE DAY,NO,YES,2,2.15,Y,1.2224868474318715,103.99765480323077
1975,WDB1,BLK 104 WHAMPOA DRIVE,BASEMENT CAR PARK,ELECTRONIC PARKING,7AM-10.30PM,NO,NO,1,2.15,Y,1.2895505687706077,103.8842619647385
1976,WGL,BLK 781 TO 783 WOODLANDS AVENUE 9/CRESCENT/RISE,SURFACE CAR PARK,ELECTRONIC PARKING,WHOLE DAY,SUN & PH FR 7AM-10.30PM,YES,0,0.0,N,1.240148997920558,104.00980865181134
1977,W10,BLK 4/5 MARSILING ROAD,SURFACE CAR PARK,ELECTRONIC PARKING,WHOLE DAY,SUN & PH FR 7AM-10.30PM,YES,0,4.5,N,1.2111205596854049,104.0020756316611
1978,W100,BLK 537-547 WOODLANDS DRIVE 16,SURFACE CAR PARK,ELECTRONIC PARKING,7AM-7PM,NO,NO,0,4.5,N,1.2281498288328758,103.99149782064738
1979,W101,BLK 686 WOODLANDS DRIVE 73,MULTI-STOREY CAR PARK,ELECTRONIC PARKING,WHOLE DAY,SUN & PH FR 7AM-10.30PM,YES,5,2.15,N,1.2417813751048292,104.00524888865837
1980,W102,BLK 687 WOODLANDS DRIVE 75,MULTI-STOREY CAR PARK,ELECTRONIC PARKING,WHOLE DAY,SUN & PH FR 7AM-10.30PM,YES,12,2.15,N,1.2426176803346238,104.00391806667176
1981,W103,BLK 766A WOODLANDS CIRCLE,MULTI-STOREY CAR PARK,ELECTRONIC PARKING,WHOLE DAY,NO,YES,12,2.15,N,1.2332772026598589,104.00842946194528
1982,W104,BLK 688 WOODLANDS DRIVE 75,MULTI-STOREY CAR PARK,ELECTRONIC PARKING,WHOLE DAY,SUN & PH FR 7AM-10.30PM,YES,14,2.15,N,1.2435454061335636,104.0066700654967
1983,W105,BLK 689 WOODLANDS DRIVE 75,MULTI-STOREY CAR PARK,ELECTRONIC PARKING,WHOLE DAY,SUN & PH FR 7AM-10.30PM,YES,7,2.15,N,1.2448745487584785,104.00735831660519
1984,W106,BLK 690 WOODLANDS DRIVE 75,MULTI-STOREY CAR PARK,ELECTRONIC PARKING,WHOLE DAY,SUN & PH FR 7AM-10.30PM,YES,14,2.15,N,1.2444914222643286,104.0056379360525
1985,W107,BLK 569A-569B CHAMPIONS WAY,SURFACE CAR PARK,ELECTRONIC PARKING,WHOLE DAY,NO,YES,0,4.5,N,1.2254893212498708,103.99258692633424
1986,W108,BLK 302A WOODLANDS STREET 31,SURFACE CAR PARK,ELECTRONIC PARKING,WHOLE DAY,NO,YES,0,2.4,N,1.2111043720973302,103.99435670843238
1987,W109,BLK 764B WOODLANDS CIRCLE,SURFACE CAR PARK,ELECTRONIC PARKING,7AM-10.30PM,NO,NO,0,0.0,N,1.233278080369757,104.00771039345811
1988,W11,BLK 22/27 MARSILING DRIVE,SURFACE CAR PARK,ELECTRONIC PARKING,WHOLE DAY,NO,YES,0,4.5,N,1.208494982230506,104.00497159212418
1989,W11M,BLK 29A MARSILING DR,MULTI-STOREY CAR PARK,ELECTRONIC PARKING,WHOLE DAY,NO,YES,12,2.15,N,1.2086410329733348,104.0054259965608
1990,W12M,BLK 34A MARSILING DRIVE,MULTI-STOREY CAR PARK,ELECTRONIC PARKING,WHOLE DAY,NO,YES,11,2.15,N,1.207983959350337,104.00733024280181
1991,W13,BLK 201/206 MARSILING DRIVE,SURFACE CAR PARK,ELECTRONIC PARKING,WHOLE DAY,NO,YES,0,4.5,N,1.2106048380386392,104.0062340114106
1992,W14,BLK 210/218 MARSILING CRESCENT,SURFACE CAR PARK,ELECTRONIC PARKING,WHOLE DAY,NO,YES,0,0.0,N,1.20875971319032,104.00972612955333
1993,W16,- MARSILING INDUSTRIAL ESTATE,SURFACE CAR PARK,COUPON PARKING,7AM-10.30PM,SUN & PH FR 7AM-10.30PM,NO,0,0.0,N,1.217721761006282,104.003358184801
1994,W17,BLK 101-113 WOODLANDS STREET 13,SURFACE CAR PARK,ELECTRONIC PARKING,WHOLE DAY,SUN & PH FR 7AM-10.30PM,YES,0,4.5,N,1.2174882919156982,103.99942332078894
1995,W18,BLK 114-133 MARSILING RISE,SURFACE CAR PARK,ELECTRONIC PARKING,WHOLE DAY,SUN & PH FR 7AM-10.30PM,YES,0,4.5,N,1.216276201676356,104.0017685368426
1996,W181,BLK 181 MARSILING ROAD,MULTI-STOREY CAR PARK,ELECTRONIC PARKING,WHOLE DAY,SUN & PH FR 7AM-10.30PM,YES,3,2.15,N,1.215122674874267,104.00237590444624
1997,W182,BLK 182 WOODLANDS STREET 13,MULTI-STOREY CAR PARK,ELECTRONIC PARKING,WHOLE DAY,SUN & PH FR 7AM-10.30PM,YES,12,2.15,N,1.2118032017674345,103.99790965004208
1998,W185,BLK 185 WOODLANDS STREET 13,MULTI-STOREY CAR PARK,ELECTRONIC PARKING,WHOLE DAY,SUN & PH FR 7AM-10.30PM,YES,14,2.15,N,1.2122806370778447,103.99901190513475
1999,W19,BLK 134-143 MARSILING ROAD,SURFACE CAR PARK,ELECTRONIC PARKING,WHOLE DAY,SUN & PH FR 7AM-10.30PM,YES,0,4.5,N,1.2130208867642118,104.00032983198196
2000,W20,BLK 144-166 WOODLANDS STREET 13,SURFACE CAR PARK,ELECTRONIC PARKING,WHOLE DAY,SUN & PH FR 7AM-10.30PM,YES,0,4.5,N,1.2105471538289532,103.99778976505313
2001,W21,BLK 167-179 WOODLANDS STREET 13,SURFACE CAR PARK,ELECTRONIC PARKING,7AM-10.30PM,SUN & PH FR 7AM-10.30PM,NO,0,4.5,N,1.2138484287560807,103.99742920362146
2002,W23,BLK 336-350 WOODLANDS STREET 32,SURFACE CAR PARK,ELECTRONIC PARKING,WHOLE DAY,SUN & PH FR 7AM-10.30PM,YES,0,4.5,N,1.2169636042072849,103.994981506333
2003,W23T,BLK 344 WOODLANDS STREET 32,SURFACE CAR PARK,COUPON PARKING,WHOLE DAY,NO,YES,0,0.0,N,1.2162188197561792,103.99409438101132
2004,W24,BLK 321-335 WOODLANDS STREET 32,SURFACE CAR PARK,ELECTRONIC PARKING,WHOLE DAY,SUN & PH FR 7AM-10.30PM,YES,0,4.5,N,1.2151575551087128,103.99380190455557
2005,W25,BLK 307-320 WOODLANDS AVENUE 1,SURFACE CAR PARK,ELECTRONIC PARKING,WHOLE DAY,SUN & PH FR 7AM-10.30PM,YES,0,4.5,N,1.2120006288200618,103.99310079782668
2006,W26,BLK 301/302 WOODLANDS STREET 31,SURFACE CAR PARK,ELECTRONIC PARKING,NO,NO,NO,0,4.5,N,1.2100801536765922,103.99445775023912
2007,W27,BLK 303 WOODLANDS STREET 31,SURFACE CAR PARK,ELECTRONIC PARKING,NO,NO,NO,0,4.5,N,1.2097022327900924,103.99380286822877
2008,W28,BLK 304/305 WOODLANDS STREET 31,SURFACE CAR PARK,ELECTRONIC PARKING,7AM-10.30PM,NO,NO,1,4.5,N,1.209648395393803,103.99290087896703
2009,W29,BLK 306/306A WOODLANDS STREET 31,SURFACE CAR PARK,COUPON PARKING,NO,NO,NO,0,4.5,N,1.21056371045497,103.99287825942733
2010,W3,BLK 4A/6A WOODLANDS CENTRE ROAD,SURFACE CAR PARK,COUPON PARKING,WHOLE DAY,NO,YES,0,4.5,N,1.2053422756270855,104.0033636810888
2011,W30,BLK 305 WOODLANDS STREET 31,MULTI-STOREY CAR PARK,ELECTRONIC PARKING,WHOLE DAY,NO,YES,3,2.0,N,1.209860980809689,103.99307263632386
2012,W36,BLK 801-810 WOODLANDS STREET 81,SURFACE CAR PARK,ELECTRONIC PARKING,WHOLE DAY,SUN & PH FR 7AM-10.30PM,YES,0,4.5,N,1.2222905578238343,104.00408953254416
2013,W37,BLK 816-821 WOODLANDS STREET 82,SURFACE CAR PARK,ELECTRONIC PARKING,7AM-10.30PM,SUN & PH FR 7AM-10.30PM,NO,0,4.5,N,1.2263294307277406,104.00458345594814
2014,W39,BLK 830-836 WOODLANDS STREET 83,SURFACE CAR PARK,ELECTRONIC PARKING,7AM-10.30PM,SUN & PH FR 7AM-10.30PM,NO,0,4.5,N,1.2271303800673068,104.0026212216343
2015,W4,BLK 6/7 MARSILING DRIVE,SURFACE CAR PARK,ELECTRONIC PARKING,7AM-10.30PM,SUN & PH FR 7AM-10.30PM,NO,0,4.5,N,1.2125555525060159,104.00516193914154
2016,W4M,BLK 7A MARSILING DRIVE,MULTI-STOREY CAR PARK,ELECTRONIC PARKING,WHOLE DAY,SUN & PH FR 7AM-10.30PM,YES,12,2.15,N,1.2117880589696983,104.00426811596927
2017,W40,BLK 837-850 WOODLANDS STREET 82,SURFACE CAR PARK,ELECTRONIC PARKING,WHOLE DAY,SUN & PH FR 7AM-10.30PM,YES,0,4.5,N,1.227923283090065,104.00430629048228
2018,W41,BLK 851-856 WOODLANDS STREET 83,SURFACE CAR PARK,ELECTRONIC PARKING,7AM-10.30PM,SUN & PH FR 7AM-10.30PM,NO,0,4.5,N,1.2292375385812497,104.00273110893642
2019,W43,BLK 406A WOODLANDS STREET 41,MULTI-STOREY CAR PARK,ELECTRONIC PARKING,WHOLE DAY,NO,YES,10,2.0,N,1.2078406751947837,103.99229129428461
2020,W44,BLK 413A WOODLANDS STREET 41,MULTI-STOREY CAR PARK,ELECTRONIC PARKING,WHOLE DAY,SUN & PH FR 7AM-10.30PM,YES,10,2.0,N,1.2080450632135689,103.99078712099696
2021,W45,BLK 421A WOODLANDS STREET 41,MULTI-STOREY CAR PARK,ELECTRONIC PARKING,WHOLE DAY,SUN & PH FR 7AM-10.30PM,YES,10,2.0,N,1.2109615931527637,103.99077881791926
2022,W46,BLK 426A WOODLANDS STREET 41,MULTI-STOREY CAR PARK,ELECTRONIC PARKING,WHOLE DAY,NO,YES,10,2.15,N,1.2094657888951152,103.9894630343026
2023,W47,WOODLANDS INDUSTRIAL PARK E,SURFACE CAR PARK,COUPON PARKING,7AM-10.30PM,NO,NO,0,0.0,N,1.233736081110544,104.01432140305789
2024,W48,BLK 874A WOODLANDS STREET 81,MULTI-STOREY CAR PARK,ELECTRONIC PARKING,WHOLE DAY,SUN & PH FR 7AM-10.30PM,YES,10,2.0,N,1.224914180727065,104.00586761109233
2025,W49,BLK 839A WOODLANDS STREET 82,MULTI-STOREY CAR PARK,ELECTRONIC PARKING,WHOLE DAY,SUN & PH FR 7AM-10.30PM,YES,10,2.0,N,1.227935611267725,104.0056092125217
2026,W5,BLK 10/13 MARSILING LANE,SURFACE CAR PARK,ELECTRONIC PARKING,WHOLE DAY,SUN & PH FR 7AM-10.30PM,YES,0,4.5,N,1.2140130104667444,104.00346897018065
2027,W5M,BLK 13A MARSILING LANE,MULTI-STOREY CAR PARK,ELECTRONIC PARKING,WHOLE DAY,SUN & PH FR 7AM-10.30PM,YES,8,2.15,N,1.2145757603947258,104.00434857024929
2028,W50,BLK 846A WOODLANDS AVENUE 4,MULTI-STOREY CAR PARK,ELECTRONIC PARKING,WHOLE DAY,SUN & PH FR 7AM-10.30PM,YES,10,2.0,N,1.2296128419838939,104.0056271114988
2029,W505,BLK 505A WOODLANDS DRIVE 14,MULTI-STOREY CAR PARK,ELECTRONIC PARKING,WHOLE DAY,SUN & PH FR 7AM-10.30PM,YES,7,2.15,N,1.227509753254605,103.9949087074291
2030,W509,BLK 509A WOODLANDS DRIVE 14,MULTI-STOREY CAR PARK,ELECTRONIC PARKING,WHOLE DAY,SUN & PH FR 7AM-10.30PM,YES,11,2.15,N,1.2251923139340695,103.99604882353799
2031,W51,BLK 866A WOODLANDS STREET 83,MULTI-STOREY CAR PARK,ELECTRONIC PARKING,WHOLE DAY,SUN & PH FR 7AM-10.30PM,YES,10,2.0,N,1.2285466329166335,104.00499552812266
2032,W516,BLK 516A WOODLANDS DRIVE 14,MULTI-STOREY CAR PARK,ELECTRONIC PARKING,WHOLE DAY,SUN & PH FR 7AM-10.30PM,YES,11,2.15,N,1.2266760463160324,103.99692533745085
2033,W517,BLK 517A WOODLANDS DRIVE 14,MULTI-STOREY CAR PARK,ELECTRONIC PARKING,WHOLE DAY,SUN & PH FR 7AM-10.30PM,YES,13,2.15,N,1.2274237765943528,103.99690275014449
2034,W519,BLK 519A WOODLANDS DRIVE 14,MULTI-STOREY CAR PARK,ELECTRONIC PARKING,WHOLE DAY,SUN & PH FR 7AM-10.30PM,YES,13,2.15,N,1.2282551644590405,103.99732628415586
2035,W52,BLK 823A WOODLANDS STREET 82,MULTI-STOREY CAR PARK,ELECTRONIC PARKING,WHOLE DAY,SUN & PH FR 7AM-10.30PM,YES,11,2.0,N,1.2253777023427934,104.00410954723357
2036,W521,BLK 521A WOODLANDS DRIVE 14,MULTI-STOREY CAR PARK,ELECTRONIC PARKING,WHOLE DAY,SUN & PH FR 7AM-10.30PM,YES,13,2.15,N,1.2295313749944412,103.99669761836601
2037,W523,BLK 523A WOODLANDS DRIVE 14,MULTI-STOREY CAR PARK,ELECTRONIC PARKING,WHOLE DAY,SUN & PH FR 7AM-10.30PM,YES,13,2.15,N,1.229823505522968,103.99569567351115
2038,W525,BLK 525A WOODLANDS DRIVE 14,MULTI-STOREY CAR PARK,ELECTRONIC PARKING,WHOLE DAY,SUN & PH FR 7AM-10.30PM,YES,13,2.15,N,1.228851779890822,103.99535357817263
2039,W527,BLK 527A WOODLANDS DRIVE 14,MULTI-STOREY CAR PARK,ELECTRONIC PARKING,WHOLE DAY,SUN & PH FR 7AM-10.30PM,YES,12,2.15,N,1.228467483275015,103.99474285919383
2040,W53,BLK 881A WOODLANDS STREET 82,MULTI-STOREY CAR PARK,ELECTRONIC PARKING,WHOLE DAY,SUN & PH FR 7AM-10.30PM,YES,10,2.0,N,1.227336827845937,104.00718539845016
2041,W536,BLK 536A WOODLANDS DRIVE 14,MULTI-STOREY CAR PARK,ELECTRONIC PARKING,WHOLE DAY,SUN & PH FR 7AM-10.30PM,YES,11,2.15,N,1.2274282815572073,103.99391675199932
2042,W54,BLK 824A WOODLANDS STREET 81,MULTI-STOREY CAR PARK,ELECTRONIC PARKING,WHOLE DAY,SUN & PH FR 7AM-10.30PM,YES,11,2.0,N,1.2249636935869022,104.00214283638593
2043,W546,BLK 546A WOODLANDS DRIVE 16,MULTI-STOREY CAR PARK,ELECTRONIC PARKING,WHOLE DAY,NO,YES,12,2.15,N,1.229325959033259,103.99253456666834
2044,W549,BLK 549A WOODLANDS DRIVE 44,MULTI-STOREY CAR PARK,ELECTRONIC PARKING,WHOLE DAY,SUN & PH FR 7AM-10.30PM,YES,12,2.15,N,1.2308610183671156,103.99507070671771
2045,W55,BLK 859A WOODLANDS STREET 83,MULTI-STOREY CAR PARK,ELECTRONIC PARKING,WHOLE DAY,SUN & PH FR 7AM-10.30PM,YES,10,2.0,N,1.2304527211501877,104.00252651053354
2046,W554,BLK 554A WOODLANDS DRIVE 53,MULTI-STOREY CAR PARK,ELECTRONIC PARKING,WHOLE DAY,SUN & PH FR 7AM-10.30PM,YES,12,2.15,N,1.2321566601171134,103.99530931080861
2047,W56,BLK 891C WOODLANDS DRIVE 50,MULTI-STOREY CAR PARK,ELECTRONIC PARKING,WHOLE DAY,SUN & PH FR 7AM-10.30PM,YES,10,2.15,N,1.227371371715951,104.00089215566462
2048,W57,BLK 892C WOODLANDS DRIVE 50,MULTI-STOREY CAR PARK,ELECTRONIC PARKING,WHOLE DAY,NO,YES,10,2.15,N,1.2253419854826102,103.99952315900053
2049,W570,BLK 570 WOODLANDS AVENUE 1,MULTI-STOREY CAR PARK,ELECTRONIC PARKING,WHOLE DAY,SUN & PH FR 7AM-10.30PM,YES,7,2.15,N,1.2259266744338746,103.99368286861363
2050,W574,BLK 574 WOODLANDS DRIVE 16,MULTI-STOREY CAR PARK,ELECTRONIC PARKING,WHOLE DAY,SUN & PH FR 7AM-10.30PM,YES,14,2.15,N,1.2343927174327796,103.99337054027022
2051,W578,BLK 578A WOODLANDS DRIVE 16,MULTI-STOREY CAR PARK,ELECTRONIC PARKING,WHOLE DAY,SUN & PH FR 7AM-10.30PM,YES,12,2.15,N,1.2326295968022762,103.99414016319774
2052,W579,BLK 579A WOODLANDS DRIVE 16,MULTI-STOREY CAR PARK,ELECTRONIC PARKING,WHOLE DAY,SUN & PH FR 7AM-10.30PM,YES,12,2.15,N,1.2314648914299047,103.99382123902372
2053,W58,BLK 895D WOODLANDS DRIVE 50,MULTI-STOREY CAR PARK,ELECTRONIC PARKING,WHOLE DAY,SUN & PH FR 7AM-10.30PM,YES,11,2.15,N,1.228161586729098,103.99879604043416
2054,W586,BLK 586A WOODLANDS DRIVE 16,MULTI-STOREY CAR PARK,ELECTRONIC PARKING,WHOLE DAY,SUN & PH FR 7AM-10.30PM,YES,12,2.15,N,1.2306252670363664,103.99196680475714
2055,W588,BLK 588A WOODLANDS DRIVE 16,MULTI-STOREY CAR PARK,ELECTRONIC PARKING,WHOLE DAY,SUN & PH FR 7AM-10.30PM,YES,12,2.15,N,1.23062068730521,103.99101267842518
2056,W59,BLK 897D WOODLANDS DRIVE 50,MULTI-STOREY CAR PARK,ELECTRONIC PARKING,WHOLE DAY,NO,YES,11,2.15,N,1.2305431996655571,103.99906421656132
2057,W6,BLK 15/16 MARSILING LANE,SURFACE CAR PARK,ELECTRONIC PARKING,WHOLE DAY,SUN & PH FR 7AM-10.30PM,YES,0,4.0,N,1.2137711280233634,104.00480861238843
2058,W60,WOODLANDS AVENUE 5,SURFACE CAR PARK,COUPON PARKING,WHOLE DAY,NO,YES,0,0.0,N,1.2289867400505758,103.99785993637543
2059,W61,BLK 358A WOODLANDS AVENUE 5,MULTI-STOREY CAR PARK,ELECTRONIC PARKING,WHOLE DAY,SUN & PH FR 7AM-10.30PM,YES,11,2.0,N,1.2198031291931382,103.99598055978826
2060,W62,BLK 354A WOODLANDS AVENUE 1,MULTI-STOREY CAR PARK,ELECTRONIC PARKING,WHOLE DAY,SUN & PH FR 7AM-10.30PM,YES,10,2.0,N,1.2209158063454701,103.99561928102197
2061,W63,BLK 371A WOODLANDS AVENUE 1,MULTI-STOREY CAR PARK,ELECTRONIC PARKING,WHOLE DAY,SUN & PH FR 7AM-10.30PM,YES,11,2.0,N,1.2222843642586754,103.99561907290853
2062,W64,BLK 605A WOODLANDS DRIVE 42,MULTI-STOREY CAR PARK,ELECTRONIC PARKING,WHOLE DAY,SUN & PH FR 7AM-10.30PM,YES,10,2.0,N,1.233040583813314,104.00071789310685
2063,W65,BLK 701A WOODLANDS DRIVE 40,MULTI-STOREY CAR PARK,ELECTRONIC PARKING,WHOLE DAY,SUN & PH FR 7AM-10.30PM,YES,10,2.0,N,1.2319122745257782,104.00384978921734
2064,W66,BLK 709A WOODLANDS DRIVE 70,MULTI-STOREY CAR PARK,ELECTRONIC PARKING,WHOLE DAY,SUN & PH FR 7AM-10.30PM,YES,10,2.15,N,1.2339433657603391,104.00380956508731
2065,W67,BLK 714A WOODLANDS DRIVE 70,MULTI-STOREY CAR PARK,ELECTRONIC PARKING,WHOLE DAY,SUN & PH FR 7AM-10.30PM,YES,10,2.15,N,1.235018024691401,104.00421317081549
2066,W676,BLK 676 WOODLANDS DRIVE 71,BASEMENT CAR PARK,ELECTRONIC PARKING,WHOLE DAY,NO,YES,2,2.3,Y,1.2366959016038028,104.00248454058175
2067,W68,BLK 718A WOODLANDS AVENUE 6,MULTI-STOREY CAR PARK,ELECTRONIC PARKING,WHOLE DAY,SUN & PH FR 7AM-10.30PM,YES,10,2.15,N,1.2364841159941626,104.00413407801736
2068,W69,BLK 721A WOODLANDS AVENUE 6,MULTI-STOREY CAR PARK,ELECTRONIC PARKING,WHOLE DAY,SUN & PH FR 7AM-10.30PM,YES,12,2.15,N,1.2357604938836841,104.0074179283095
2069,W691,BLK 691 WOODLANDS DRIVE 73,MULTI-STOREY CAR PARK,ELECTRONIC PARKING,WHOLE DAY,SUN & PH FR 7AM-10.30PM,YES,10,2.15,N,1.2422098192455062,104.00332658274336
2070,W693,BLK 693 WOODLANDS AVENUE 6,MULTI-STOREY CAR PARK,ELECTRONIC PARKING,WHOLE DAY,SUN & PH FR 7AM-10.30PM,YES,9,2.15,N,1.2396828489376124,104.00082562117892
2071,W694,BLK 694 WOODLANDS DRIVE 62,MULTI-STOREY CAR PARK,ELECTRONIC PARKING,WHOLE DAY,SUN & PH FR 7AM-10.30PM,YES,10,2.15,N,1.2410092209985395,104.00077587440335
2072,W7,BLK 17/21 MARSILING LANE,SURFACE CAR PARK,ELECTRONIC PARKING,WHOLE DAY,SUN & PH FR 1PM-10.30PM,YES,0,0.0,N,1.2134232015409498,104.00583556110357
2073,W70,BLK 739A WOODLANDS CIRCLE,MULTI-STOREY CAR PARK,ELECTRONIC PARKING,WHOLE DAY,SUN & PH FR 7AM-10.30PM,YES,12,2.15,N,1.23274712361501,104.00720261555348
2074,W71,BLK 728A WOODLANDS CIRCLE,MULTI-STOREY CAR PARK,ELECTRONIC PARKING,WHOLE DAY,SUN & PH FR 7AM-10.30PM,YES,12,2.15,N,1.2349405107183231,104.00588658474919
2075,W717,BLK 717C WOODLANDS DRIVE 70,MULTI-STOREY CAR PARK,ELECTRONIC PARKING,WHOLE DAY,NO,YES,1,2.15,N,1.2345983375109826,104.00364313378263
2076,W72,BLK 792A WOODLANDS AVENUE 6,MULTI-STOREY CAR PARK,ELECTRONIC PARKING,WHOLE DAY,SUN & PH FR 7AM-10.30PM,YES,12,2.15,N,1.2378868697493497,104.00532976926652
2077,W73,BLK 796A WOODLANDS DRIVE 72,MULTI-STOREY CAR PARK,ELECTRONIC PARKING,WHOLE DAY,SUN & PH FR 7AM-10.30PM,YES,12,2.15,N,1.23975237115901,104.00601038646657
2078,W74,BLK 737A WOODLANDS CIRCLE,MULTI-STOREY CAR PARK,ELECTRONIC PARKING,WHOLE DAY,SUN & PH FR 7AM-10.30PM,YES,12,2.15,N,1.2322886551860215,104.00591534349216
2079,W75,BLK 747A WOODLANDS CIRCLE,MULTI-STOREY CAR PARK,ELECTRONIC PARKING,WHOLE DAY,SUN & PH FR 7AM-10.30PM,YES,12,2.15,N,1.231509144372761,104.00600373440041
2080,W76,BLK 748A WOODLANDS CIRCLE,MULTI-STOREY CAR PARK,ELECTRONIC PARKING,WHOLE DAY,SUN & PH FR 7AM-10.30PM,YES,12,2.15,N,1.231028757630592,104.00760680542164
2081,W77,BLK 757A WOODLANDS AVENUE 4,MULTI-STOREY CAR PARK,ELECTRONIC PARKING,WHOLE DAY,SUN & PH FR 7AM-10.30PM,YES,12,2.15,N,1.2298177053362749,104.00874184090839
2082,W78,BLK 759A WOODLANDS AVENUE 6,MULTI-STOREY CAR PARK,ELECTRONIC PARKING,WHOLE DAY,SUN & PH FR 7AM-10.30PM,YES,12,2.15,N,1.2319590696209761,104.00927092630326
2083,W780,BLK 780 WOODLANDS CRESCENT,MULTI-STOREY CAR PARK,ELECTRONIC PARKING,WHOLE DAY,SUN & PH FR 7AM-10.30PM,YES,13,2.15,N,1.2370665097552151,104.0109027272312
2084,W781,BLK 781 WOODLANDS AVENUE 9,MULTI-STOREY CAR PARK,ELECTRONIC PARKING,WHOLE DAY,SUN & PH FR 7AM-10.30PM,YES,10,2.15,N,1.2390812668662499,104.01156795269071
2085,W782,BLK 782 WOODLANDS CRESCENT,MULTI-STOREY CAR PARK,ELECTRONIC PARKING,WHOLE DAY,SUN & PH FR 7AM-10.30PM,YES,12,2.15,N,1.2395528331077312,104.01087304564903
2086,W783,BLK 783 WOODLANDS RISE,MULTI-STOREY CAR PARK,ELECTRONIC PARKING,WHOLE DAY,SUN & PH FR 7AM-10.30PM,YES,14,2.15,N,1.24010582681562,104.01048923564092
2087,W785,BLK 785 WOODLANDS RISE,MULTI-STOREY CAR PARK,ELECTRONIC PARKING,WHOLE DAY,SUN & PH FR 7AM-10.30PM,YES,14,2.15,N,1.2409859585689937,104.00974200111334
2088,W79,BLK 773A WOODLANDS DRIVE 60,MULTI-STOREY CAR PARK,ELECTRONIC PARKING,WHOLE DAY,SUN & PH FR 7AM-10.30PM,YES,12,2.15,N,1.2344292986120693,104.01040177472794
2089,W799,BLK 799 WOODLANDS DRIVE 60,MULTI-STOREY CAR PARK,ELECTRONIC PARKING,WHOLE DAY,SUN & PH FR 7AM-10.30PM,YES,2,2.15,N,1.2358611617591972,104.00913961347537
2090,W8M,BLK 2A MARSILING DRIVE,MULTI-STOREY CAR PARK,ELECTRONIC PARKING,WHOLE DAY,SUN & PH FR 7AM-10.30PM,YES,8,1.9,N,1.2121545628430106,104.00290106790794
2091,W80,BLK 775A WOODLANDS CRESCENT,MULTI-STOREY CAR PARK,ELECTRONIC PARKING,WHOLE DAY,SUN & PH FR 7AM-10.30PM,YES,10,2.15,N,1.2363027761573535,104.01083451035453
2092,W81,BLK 786A WOODLANDS DRIVE 60,MULTI-STOREY CAR PARK,ELECTRONIC PARKING,WHOLE DAY,SUN & PH FR 7AM-10.30PM,YES,10,2.15,N,1.235999529987464,104.00866239413195
2093,W82,BLK 787A WOODLANDS CRESCENT,MULTI-STOREY CAR PARK,ELECTRONIC PARKING,WHOLE DAY,SUN & PH FR 7AM-10.30PM,YES,12,2.15,N,1.2375758589367214,104.00720599422823
2094,W83,BLK 608A WOODLANDS RING ROAD,MULTI-STOREY CAR PARK,ELECTRONIC PARKING,WHOLE DAY,SUN & PH FR 7AM-10.30PM,YES,12,2.15,N,1.233098260038391,103.99885473754223
2095,W84,BLK 614A WOODLANDS AVENUE 4,MULTI-STOREY CAR PARK,ELECTRONIC PARKING,WHOLE DAY,SUN & PH FR 7AM-10.30PM,YES,12,2.15,N,1.2318487002837402,103.99758931550349
2096,W85,BLK 622A WOODLANDS DRIVE 52,MULTI-STOREY CAR PARK,ELECTRONIC PARKING,WHOLE DAY,SUN & PH FR 7AM-10.30PM,YES,12,2.15,N,1.235054547321206,103.99685638800344
2097,W86,BLK 644A WOODLANDS RING ROAD,MULTI-STOREY CAR PARK,ELECTRONIC PARKING,WHOLE DAY,SUN & PH FR 7AM-10.30PM,YES,12,2.15,N,1.2371157314212393,104.00009964948117
2098,W87,BLK 649A WOODLANDS RING ROAD,MULTI-STOREY CAR PARK,ELECTRONIC PARKING,WHOLE DAY,SUN & PH FR 7AM-10.30PM,YES,12,2.15,N,1.2361911547746285,104.00126987074704
2099,W88,BLK 656A WOODLANDS RING ROAD,MULTI-STOREY CAR PARK,ELECTRONIC PARKING,WHOLE DAY,SUN & PH FR 7AM-10.30PM,YES,12,2.15,N,1.2346666102160035,103.9999595497434
2100,W887,BLK 887 WOODLANDS DRIVE 50,MULTI-STOREY CAR PARK,ELECTRONIC PARKING,WHOLE DAY,NO,YES,12,2.15,N,1.2306280636390816,104.00030985345354
2101,W889,BLK 889 WOODLANDS DRIVE 50,MULTI-STOREY CAR PARK,ELECTRONIC PARKING,WHOLE DAY,SUN & PH FR 7AM-10.30PM,YES,14,2.15,N,1.229538408162677,104.00074570929934
2102,W89,BLK 661A WOODLANDS RING ROAD,MULTI-STOREY CAR PARK,ELECTRONIC PARKING,WHOLE DAY,SUN & PH FR 7AM-10.30PM,YES,12,2.15,N,1.2345039265303241,103.9985902852422
2103,W90,BLK 626A WOODLANDS DRIVE 52,MULTI-STOREY CAR PARK,ELECTRONIC PARKING,WHOLE DAY,SUN & PH FR 7AM-10.30PM,YES,12,2.15,N,1.2360739666496967,103.99686484520026
2104,W91,BLK 630A WOODLANDS RING ROAD,MULTI-STOREY CAR PARK,ELECTRONIC PARKING,WHOLE DAY,SUN & PH FR 7AM-10.30PM,YES,12,2.15,N,1.2371308837264263,103.99785833653888
2105,W92,BLK 633A WOODLANDS RING ROAD,MULTI-STOREY CAR PARK,ELECTRONIC PARKING,WHOLE DAY,SUN & PH FR 7AM-10.30PM,YES,12,2.15,N,1.2380273189465172,103.99900560398405
2106,W93,BLK 639A WOODLANDS RING ROAD,MULTI-STOREY CAR PARK,ELECTRONIC PARKING,WHOLE DAY,SUN & PH FR 7AM-10.30PM,YES,12,2.15,N,1.238567030375577,104.00051806139389
2107,W94,BLK 678A WOODLANDS AVENUE 6,MULTI-STOREY CAR PARK,ELECTRONIC PARKING,WHOLE DAY,NO,YES,7,2.15,N,1.2373123933457508,104.00297070559083
2108,W95,BLK 788A WOODLANDS CRESCENT,MULTI-STOREY CAR PARK,ELECTRONIC PARKING,WHOLE DAY,SUN & PH FR 7AM-10.30PM,YES,12,2.15,N,1.2377504492048312,104.00686678488037
2109,W96,BLK 667A WOODLANDS RING ROAD,MULTI-STOREY CAR PARK,ELECTRONIC PARKING,WHOLE DAY,SUN & PH FR 7AM-10.30PM,YES,13,2.15,N,1.233863032445106,104.00161882415176
2110,W97,BLK 671A WOODLANDS DRIVE 71,MULTI-STOREY CAR PARK,ELECTRONIC PARKING,WHOLE DAY,SUN & PH FR 7AM-10.30PM,YES,11,2.15,N,1.2352406997376029,104.00220895367596
2111,W98,BLK 681 WOODLANDS DRIVE 62,MULTI-STOREY CAR PARK,ELECTRONIC PARKING,WHOLE DAY,SUN & PH FR 7AM-10.30PM,YES,10,2.15,N,1.239484461267472,104.00232090540341
2112,W99,BLK 685 WOODLANDS DRIVE 73,MULTI-STOREY CAR PARK,ELECTRONIC PARKING,WHOLE DAY,SUN & PH FR 7AM-10.30PM,YES,6,2.1,N,1.2415243759726104,104.00347838178364
2113,YHS,BLK 11/12/13 YORK HILL CAR PARK,SURFACE CAR PARK,ELECTRONIC PARKING,WHOLE DAY,SUN & PH FR 7AM-10.30PM,YES,0,0.0,N,1.274094257967756,103.85021305597132
2114,Y1,BLK 101/102 YISHUN AVENUE 5,SURFACE CAR PARK,ELECTRONIC PARKING,WHOLE DAY,SUN & PH FR 1PM-10.30PM,YES,0,0.0,N,1.2641748044746648,103.9936258918515
2115,Y10,BLK 753/774 YISHUN STREET 72/AVENUE 3,SURFACE CAR PARK,ELECTRONIC PARKING,WHOLE DAY,SUN & PH FR 7AM-10.30PM,YES,0,0.0,N,1.269455442077293,103.98666958482022
2116,Y11,BLK 717/730 YISHUN STREET 71,SURFACE CAR PARK,ELECTRONIC PARKING,WHOLE DAY,SUN & PH FR 7AM-10.30PM,YES,0,5.4,N,1.2661061941788287,103.98858962617315
2117,Y12,"BLK 165/167,170/175 YISHUN RING ROAD/AVENUE 7",SURFACE CAR PARK,ELECTRONIC PARKING,WHOLE DAY,SUN & PH FR 7AM-10.30PM,YES,0,0.0,N,1.268638713569609,103.99953996695652
2118,Y13,"BLK 201/202, 207/212 YISHUN STREET 21",SURFACE CAR PARK,ELECTRONIC PARKING,WHOLE DAY,NO,YES,0,5.4,N,1.274067052412997,103.99399446425154
2119,Y14,"BLK 203/206, 213/222 YISHUN STREET 21",SURFACE CAR PARK,ELECTRONIC PARKING,WHOLE DAY,SUN & PH FR 7AM-10.30PM,YES,0,4.5,N,1.2718491206503335,103.99544366022232
2120,Y14A,BLK 223/226 YISHUN STREET 21,SURFACE CAR PARK,COUPON PARKING,WHOLE DAY,SUN & PH FR 7AM-10.30PM,YES,0,4.5,N,1.2717189312816624,103.99729672768633
2121,Y15,BLK 227/235 YISHUN STREET 21,SURFACE CAR PARK,ELECTRONIC PARKING,WHOLE DAY,SUN & PH FR 7AM-10.30PM,YES,0,4.5,N,1.2730094921712585,103.99740551534842
2122,Y16,BLK 238/242 YISHUN RING ROAD,SURFACE CAR PARK,ELECTRONIC PARKING,WHOLE DAY,SUN & PH FR 7AM-10.30PM,YES,0,4.3,N,1.2756504000048303,103.99582984727756
2123,Y16A,BLK 236/238 YISHUN RING ROAD,SURFACE CAR PARK,COUPON PARKING,WHOLE DAY,SUN & PH FR 7AM-10.30PM,YES,0,4.3,N,1.2753553020708155,103.99651658452481
2124,Y17,BLK 243/257 YISHUN RING ROAD/AVENUE 9,SURFACE CAR PARK,ELECTRONIC PARKING,WHOLE DAY,SUN & PH FR 7AM-10.30PM,YES,0,0.0,N,1.2773841015353034,103.9978184159356
2125,Y18,BLK 258/264 YISHUN STREET 22,SURFACE CAR PARK,ELECTRONIC PARKING,WHOLE DAY,SUN & PH FR 7AM-10.30PM,YES,0,0.0,N,1.2757242881107136,103.99849781958333
2126,Y19,BLK 265/289 YISHUN STREET 22/AVENUE 6,SURFACE CAR PARK,ELECTRONIC PARKING,WHOLE DAY,SUN & PH FR 7AM-10.30PM,YES,0,4.5,N,1.2743611105034984,104.00049776483485
2127,Y2,BLK 103/111 YISHUN RING ROAD,SURFACE CAR PARK,ELECTRONIC PARKING,WHOLE DAY,SUN & PH FR 1PM-10.30PM,YES,0,0.0,N,1.2641980252242397,103.99493937549765
2128,Y20,BLK 293/294 YISHUN STREET 22,SURFACE CAR PARK,ELECTRONIC PARKING,WHOLE DAY,SUN & PH FR 7AM-10.30PM,YES,0,9.99,N,1.2740575815912887,103.99900907881369
2129,Y21,BLK 290/292 YISHUN STREET 22,SURFACE CAR PARK,ELECTRONIC PARKING,WHOLE DAY,SUN & PH FR 7AM-10.30PM,YES,0,9.99,N,1.273352381940667,103.9996448538184
2130,Y21A,BLK 290/292 YISHUN STREET 22,SURFACE CAR PARK,COUPON PARKING,WHOLE DAY,SUN & PH FR 7AM-10.30PM,YES,0,9.99,N,1.2708019374013078,103.99980508549831
2131,Y21M,BLK 296A YISHUN STREET 20,MULTI-STOREY CAR PARK,ELECTRONIC PARKING,WHOLE DAY,SUN & PH FR 7AM-10.30PM,YES,12,2.15,N,1.2710365529142753,103.9981125069123
2132,Y22,"BLK 1001/1019,1023/1024 YISHUN INDUSTRIAL PARK A",SURFACE CAR PARK,COUPON PARKING,7AM-10.30PM,SUN & PH FR 7AM-10.30PM,NO,0,0.0,N,1.270066968554208,104.00438731915779
2133,Y23,BLK 775-794 YISHUN RING RD/AVENUE 2,SURFACE CAR PARK,ELECTRONIC PARKING,WHOLE DAY,SUN & PH FR 7AM-10.30PM,YES,0,4.5,N,1.2682451331487823,103.98443468072279
2134,Y24,BLK 795-799 YISHUN RING ROAD,SURFACE CAR PARK,ELECTRONIC PARKING,WHOLE DAY,SUN & PH FR 7AM-10.30PM,YES,0,0.0,N,1.2694912492611827,103.98194638300602
2135,Y25,BLK 800-812 YISHUN RING ROAD,SURFACE CAR PARK,ELECTRONIC PARKING,WHOLE DAY,SUN & PH FR 7AM-10.30PM,YES,0,4.5,N,1.267167473718464,103.97956686694482
2136,Y25M,813 YISHUN RING ROAD,MULTI-STOREY CAR PARK,ELECTRONIC PARKING,WHOLE DAY,SUN & PH FR 7AM-10.30PM,YES,8,2.15,N,1.2688225260328543,103.98057922076259
2137,Y26,BLK 816/820 YISHUN STREET 81,SURFACE CAR PARK,ELECTRONIC PARKING,WHOLE DAY,SUN & PH FR 7AM-10.30PM,YES,0,4.5,N,1.270014840053424,103.97576054923671
2138,Y27,BLK 821/830 YISHUN STREET 81,SURFACE CAR PARK,ELECTRONIC PARKING,WHOLE DAY,SUN & PH FR 7AM-10.30PM,YES,0,0.0,N,1.269799396175318,103.97709868288189
2139,Y28,BLK 832/841 YISHUN STREET 81,SURFACE CAR PARK,ELECTRONIC PARKING,WHOLE DAY,SUN & PH FR 7AM-10.30PM,YES,0,4.5,N,1.2698892253734642,103.97826077586708
2140,Y28M,BLK 840A YISHUN STREET 81,MULTI-STOREY CAR PARK,ELECTRONIC PARKING,WHOLE DAY,SUN & PH FR 7AM-10.30PM,YES,12,2.15,N,1.2705521190946347,103.97832633194149
2141,Y29,BLK 846 YISHUN RING ROAD,SURFACE CAR PARK,ELECTRONIC PARKING,WHOLE DAY,NO,YES,0,9.99,N,1.270717014379365,103.9800729441848
2142,Y3,BLK 112/120 YISHUN RING ROAD,SURFACE CAR PARK,ELECTRONIC PARKING,WHOLE DAY,SUN & PH FR 7AM-10.30PM,YES,0,4.5,N,1.2650308140476036,103.99746787460172
2143,Y3M,BLK 115A/115B/115C YISHUN RING ROAD,BASEMENT CAR PARK,ELECTRONIC PARKING,WHOLE DAY,SUN & PH FR 1PM-10.30PM,YES,1,2.1,Y,1.2636050886191723,103.9963085761864
2144,Y30,BLK 848 YISHUN STREET 81,SURFACE CAR PARK,ELECTRONIC PARKING,WHOLE DAY,SUN & PH FR 7AM-10.30PM,YES,0,9.99,N,1.2714170653740444,103.97933273793593
2145,Y30M,BLK 848A YISHUN STREET 81,MULTI-STOREY CAR PARK,ELECTRONIC PARKING,WHOLE DAY,SUN & PH FR 7AM-10.30PM,YES,9,1.8,N,1.2719408807162362,103.97943155559925
2146,Y31,BLK 850/855 YISHUN STREET 81/RING ROAD,SURFACE CAR PARK,ELECTRONIC PARKING,WHOLE DAY,SUN & PH FR 7AM-10.30PM,YES,0,0.0,N,1.2729366559504776,103.97953769058316
2147,Y32,BLK 858/864 YISHUN AVENUE 4,SURFACE CAR PARK,ELECTRONIC PARKING,WHOLE DAY,SUN & PH FR 7AM-10.30PM,YES,0,0.0,N,1.274807028831671,103.98035361655941
2148,Y33,BLK 602-605 YISHUN STREET 61,SURFACE CAR PARK,ELECTRONIC PARKING,WHOLE DAY,SUN & PH FR 7AM-10.30PM,YES,0,4.5,N,1.2723012292400937,103.98506710469422
2149,Y34,BLK 606-631 YISHUN STREET 61/RING ROAD,SURFACE CAR PARK,ELECTRONIC PARKING,WHOLE DAY,SUN & PH FR 7AM-10.30PM,YES,0,0.0,N,1.272636564752866,103.9825568837479
2150,Y34A,BLK 614-618 YISHUN STREET 61,SURFACE CAR PARK,ELECTRONIC PARKING,WHOLE DAY,SUN & PH FR 7AM-10.30PM,YES,0,4.5,N,1.2722569205906171,103.98212575514185
2151,Y35,BLK 632/641 YISHUN STREET 61,SURFACE CAR PARK,ELECTRONIC PARKING,WHOLE DAY,SUN & PH FR 7AM-10.30PM,YES,0,4.5,N,1.2746806971785969,103.9825483466512
2152,Y36,BLK 642/643 YISHUN STREET 61,SURFACE CAR PARK,ELECTRONIC PARKING,WHOLE DAY,SUN & PH FR 7AM-10.30PM,YES,0,4.5,N,1.2741932374246545,103.9841473207621
2153,Y37,BLK 644/647 YISHUN STREET 61,SURFACE CAR PARK,ELECTRONIC PARKING,WHOLE DAY,SUN & PH FR 7AM-10.30PM,YES,0,4.5,N,1.2733765458804902,103.98494991264269
2154,Y38,BLK 650/661 YISHUN AVENUE 4,SURFACE CAR PARK,ELECTRONIC PARKING,WHOLE DAY,SUN & PH FR 7AM-10.30PM,YES,0,4.5,N,1.2763281972026517,103.98542494230881
2155,Y39,"BLK 662/666,666A TO 666B YISHUN AVENUE 4",MECHANISED AND SURFACE CAR PARK,ELECTRONIC PARKING,WHOLE DAY,SUN & PH FR 7AM-10.30PM,YES,0,4.5,N,1.2767466668396048,103.9829017017644
2156,Y4,BLK 121/143 YISHUN STREET 11/RING ROAD,SURFACE CAR PARK,ELECTRONIC PARKING,WHOLE DAY,SUN & PH FR 7AM-10.30PM,YES,0,9.99,N,1.2676709903315382,103.99750796146458
2157,Y4T,BLK 137 YISHUN RING ROAD,SURFACE CAR PARK,ELECTRONIC PARKING,WHOLE DAY,NO,YES,0,0.0,N,1.2663620008156946,103.99521837348192
2158,Y40,BLK 865/880 YISHUN STREET 81,SURFACE CAR PARK,ELECTRONIC PARKING,WHOLE DAY,SUN & PH FR 7AM-10.30PM,YES,0,0.0,N,1.2729139475717646,103.97773273132891
2159,Y41,BLK 302-314 YISHUN CENTRAL/RING ROAD,SURFACE CAR PARK,ELECTRONIC PARKING,WHOLE DAY,SUN & PH FR 7AM-10.30PM,YES,0,0.0,N,1.2761470269255597,103.99292206901698
2160,Y41M,BLK 307 YISHUN RING ROAD/CENTRAL,MULTI-STOREY CAR PARK,ELECTRONIC PARKING,WHOLE DAY,SUN & PH FR 7AM-10.30PM,YES,9,1.9,N,1.2771063787018428,103.99353306892996
2161,Y43,BLK 320-332 YISHUN CENTRAL/RING ROAD,SURFACE CAR PARK,ELECTRONIC PARKING,WHOLE DAY,SUN & PH FR 7AM-10.30PM,YES,0,0.0,N,1.2773219737815074,103.99169418030566
2162,Y45,BLK 343-346 YISHUN AVENUE 11,SURFACE CAR PARK,ELECTRONIC PARKING,WHOLE DAY,SUN & PH FR 7AM-10.30PM,YES,0,3.8,N,1.2793955192668767,103.9899347038829
2163,Y45M,BLK 347 YISHUN AVENUE 11,MULTI-STOREY CAR PARK,ELECTRONIC PARKING,WHOLE DAY,SUN & PH FR 7AM-10.30PM,YES,2,2.15,N,1.278862798521566,103.99030643562922
2164,Y46,BLK 349-359 YISHUN RING ROAD,SURFACE CAR PARK,ELECTRONIC PARKING,WHOLE DAY,SUN & PH FR 7AM-10.30PM,YES,0,3.8,N,1.28201696882457,103.98889840426756
2165,Y47,BLK 360-367 YISHUN RING ROAD,SURFACE CAR PARK,COUPON PARKING,WHOLE DAY,SUN & PH FR 7AM-10.30PM,YES,0,4.5,N,1.2818029526458943,103.9919007911141
2166,Y48,BLK 386-399 YISHUN RING ROAD/AVENUE 6,SURFACE CAR PARK,ELECTRONIC PARKING,7AM-10.30PM,SUN & PH FR 7AM-10.30PM,NO,0,0.0,N,1.2840839201594418,103.99217986944974
2167,Y48M,BLK 385 YISHUN RING ROAD/AVENUE 6,MULTI-STOREY CAR PARK,ELECTRONIC PARKING,WHOLE DAY,SUN & PH FR 7AM-10.30PM,YES,8,1.9,N,1.2837938560771716,103.99116569028433
2168,Y49,BLK 401/414 YISHUN RING ROAD/AVENUE 6,SURFACE CAR PARK,ELECTRONIC PARKING,7AM-10.30PM,SUN & PH FR 7AM-10.30PM,NO,0,0.0,N,1.2842516479645811,103.98888543321263
2169,Y49H,BLK 419A YISHUN AVENUE 11,SURFACE CAR PARK,ELECTRONIC PARKING,7AM-10.30PM,NO,NO,0,3.0,N,1.2837860821805556,103.9873787201064
2170,Y49L,BLK 418/419 YISHUN AVENUE 11,SURFACE CAR PARK,ELECTRONIC PARKING,7AM-10.30PM,NO,NO,0,3.0,N,1.2835278118820952,103.98679558804979
2171,Y49M,BLK 419A YISHUN AVENUE 11,MULTI-STOREY CAR PARK,ELECTRONIC PARKING,WHOLE DAY,NO,YES,8,1.9,N,1.2837893779074625,103.9870762434145
2172,Y5,BLK 144/149 YISHUN STREET 11,SURFACE CAR PARK,ELECTRONIC PARKING,WHOLE DAY,SUN & PH FR 7AM-10.30PM,YES,0,0.0,N,1.2682727688460296,103.99389438543525
2173,Y51,"BLK 423/427, 433/440 YISHUN AVENUE 6/11",SURFACE CAR PARK,ELECTRONIC PARKING,WHOLE DAY,SUN & PH FR 7AM-10.30PM,YES,0,0.0,N,1.2833273142183865,103.98434581931829
2174,Y51M,BLK 441 YISHUN AVENUE 11,MULTI-STOREY CAR PARK,ELECTRONIC PARKING,WHOLE DAY,SUN & PH FR 7AM-10.30PM,YES,6,2.15,N,1.281821332863424,103.98557782893627
2175,Y52M,BLK 456A YISHUN STREET 41,MULTI-STOREY CAR PARK,ELECTRONIC PARKING,WHOLE DAY,SUN & PH FR 7AM-10.30PM,YES,12,2.15,N,1.281168444786757,103.98316075298845
2176,Y53M,BLK 426 YISHUN AVENUE 11,MULTI-STOREY CAR PARK,ELECTRONIC PARKING,WHOLE DAY,SUN & PH FR 7AM-10.30PM,YES,6,2.15,N,1.2822714039381111,103.98575754197414
2177,Y54M,BLK 925 YISHUN CENTRAL 1,MULTI-STOREY CAR PARK,ELECTRONIC PARKING,WHOLE DAY,NO,YES,5,1.8,N,1.273232410626028,103.99011657679878
2178,Y56,"BLK 926/932,934/935 YISHUN CENTRAL 1",SURFACE CAR PARK,ELECTRONIC PARKING,7AM-10.30PM,NO,NO,0,2.5,N,1.2729582022539447,103.98826642311163
2179,Y57,BLK 415/417 YISHUN RING ROAD/AVENUE 11,SURFACE CAR PARK,ELECTRONIC PARKING,7AM-7PM,NO,NO,0,4.5,N,1.282704746414877,103.98681874997668
2180,Y58,162 YISHUN STREET 11,SURFACE CAR PARK,ELECTRONIC PARKING,WHOLE DAY,NO,YES,0,0.0,N,1.2685493676455715,103.99530992938377
2181,Y59M,BLK 429 YISHUN AVENUE 11,MULTI-STOREY CAR PARK,ELECTRONIC PARKING,WHOLE DAY,SUN & PH FR 7AM-10.30PM,YES,6,2.15,N,1.2854512715353654,103.98511168688773
2182,Y6,BLK 150/161 YISHUN STREET 11,SURFACE CAR PARK,ELECTRONIC PARKING,WHOLE DAY,SUN & PH FR 7AM-10.30PM,YES,0,0.0,N,1.2703726181812707,103.9952939411639
2183,Y60M,BLK 430 YISHUN AVENUE 11,MULTI-STOREY CAR PARK,ELECTRONIC PARKING,WHOLE DAY,SUN & PH FR 7AM-10.30PM,YES,6,2.15,N,1.2843881096336218,103.98398250804898
2184,Y61M,BLK 431 YISHUN AVENUE 1,MULTI-STOREY CAR PARK,ELECTRONIC PARKING,WHOLE DAY,SUN & PH FR 7AM-10.30PM,YES,6,2.15,N,1.2838535279361114,103.98293986651706
2185,Y62M,BLOCK 342 YISHUN RING ROAD,BASEMENT CAR PARK,ELECTRONIC PARKING,WHOLE DAY,SUN & PH FR 7AM-10.30PM,YES,1,2.15,Y,1.2806913501016512,103.99303514176364
2186,Y63M,BLK 333 YISHUN STREET 31,MULTI-STOREY CAR PARK,ELECTRONIC PARKING,WHOLE DAY,SUN & PH FR 7AM-10.30PM,YES,6,2.15,N,1.2812737636222113,103.99442347444419
2187,Y64M,BLK 334 YISHUN STREET 31,MULTI-STOREY CAR PARK,ELECTRONIC PARKING,WHOLE DAY,SUN & PH FR 7AM-10.30PM,YES,6,2.15,N,1.2813812246437795,103.99525997490694
2188,Y65M,BLK 315 YISHUN AVENUE 9,MULTI-STOREY CAR PARK,ELECTRONIC PARKING,WHOLE DAY,SUN & PH FR 7AM-10.30PM,YES,6,2.15,N,1.2782512938120336,103.99543928858671
2189,Y66M,BLK 317 YISHUN AVENUE 9,MULTI-STOREY CAR PARK,ELECTRONIC PARKING,WHOLE DAY,SUN & PH FR 7AM-10.30PM,YES,6,2.15,N,1.2785186123672148,103.99652841642357
2190,Y67,"BLK 269A, 269B YISHUN STREET 22",SURFACE CAR PARK,COUPON PARKING,WHOLE DAY,NO,YES,0,0.0,N,1.2771167936816592,103.99920872907423
2191,Y68L,"BLKS 504A, 504B, 504C, 504D YISHUN STREET 51",SURFACE CAR PARK,ELECTRONIC PARKING,NO,NO,NO,0,4.5,N,1.2798250173247654,103.98062779765657
2192,Y68M,BLK 504 YISHUN STREET 51,MULTI-STOREY CAR PARK,ELECTRONIC PARKING,WHOLE DAY,SUN & PH FR 7AM-10.30PM,YES,7,2.15,N,1.2808420849505682,103.98125912706315
2193,Y69L,"BLKS 513A, 513B, 513C YISHUN STREET 51",SURFACE CAR PARK,ELECTRONIC PARKING,NO,NO,NO,0,4.5,N,1.2795053550051938,103.97864599065981
2194,Y69M,BLK 513 YISHUN STREET 51,MULTI-STOREY CAR PARK,ELECTRONIC PARKING,WHOLE DAY,SUN & PH FR 7AM-10.30PM,YES,6,2.15,N,1.280323767729203,103.97889307190547
2195,Y7,BLK 701/716 & 701B YISHUN AVENUE 5,SURFACE CAR PARK,ELECTRONIC PARKING,WHOLE DAY,SUN & PH FR 7AM-10.30PM,YES,0,0.0,N,1.2635860597346462,103.99010599024018
2196,Y70M,BLK 506 YISHUN AVENUE 4,MULTI-STOREY CAR PARK,ELECTRONIC PARKING,WHOLE DAY,SUN & PH FR 7AM-10.30PM,YES,16,2.15,N,1.2765709258266182,103.97774498887627
2197,Y71M,BLK 501 YISHUN STREET 51,MULTI-STOREY CAR PARK,ELECTRONIC PARKING,WHOLE DAY,SUN & PH FR 7AM-10.30PM,YES,7,2.15,N,1.2771042653292193,103.97939715236622
2198,Y72M,512 YISHUN STREET 51,MULTI-STOREY CAR PARK,ELECTRONIC PARKING,WHOLE DAY,SUN & PH FR 7AM-10.30PM,YES,14,2.15,N,1.2774720119064098,103.97767205931562
2199,Y73M,BLOCK 671 YISHUN AVENUE 4,MULTI-STOREY CAR PARK,ELECTRONIC PARKING,WHOLE DAY,SUN & PH FR 7AM-10.30PM,YES,14,2.15,N,1.2777895802890968,103.98199289025517
2200,Y74M,BLOCK 673 YISHUN AVENUE 4,MULTI-STOREY CAR PARK,ELECTRONIC PARKING,WHOLE DAY,SUN & PH FR 7AM-10.30PM,YES,14,2.15,N,1.2779176573178528,103.98248225013785
2201,Y75M,BLOCK 674 YISHUN AVENUE 4,MULTI-STOREY CAR PARK,ELECTRONIC PARKING,WHOLE DAY,SUN & PH FR 7AM-10.30PM,YES,13,2.15,N,1.279319885478389,103.98302746487164
2202,Y76M,BLOCK 676 YISHUN RING ROAD,MULTI-STOREY CAR PARK,ELECTRONIC PARKING,WHOLE DAY,SUN & PH FR 7AM-10.30PM,YES,14,2.15,N,1.2779973798866686,103.98450529549751
2203,Y77M,BLK 461 YISHUN AVENUE 6,MULTI-STOREY CAR PARK,ELECTRONIC PARKING,WHOLE DAY,SUN & PH FR 7AM-10.30PM,YES,10,2.15,N,1.286223765417688,103.99124591073264
2204,Y78M,BLK 468 YISHUN STREET 43,MULTI-STOREY CAR PARK,ELECTRONIC PARKING,WHOLE DAY,SUN & PH FR 7AM-10.30PM,YES,4,2.15,N,1.2880231082595415,103.9875625785685
2205,Y79L,"BLK 465A-465B, 466A-466B,467A-467C YISHUN AVENUE 6",SURFACE CAR PARK,ELECTRONIC PARKING,NO,NO,NO,0,3.5,N,1.2871873490632688,103.98828502594345
2206,Y79M,BLK 465 YISHUN AVENUE 6,MULTI-STOREY CAR PARK,ELECTRONIC PARKING,WHOLE DAY,NO,YES,15,2.15,N,1.2862822247196612,103.98929465720269
2207,Y8,BLK 731/746 YISHUN STREET 71/72/AVENUE 5,SURFACE CAR PARK,ELECTRONIC PARKING,WHOLE DAY,SUN & PH FR 7AM-10.30PM,YES,0,4.5,N,1.2674380331330026,103.99223549193557
2208,Y80M,BLK 470 YISHUN STREET 42,COVERED CAR PARK,ELECTRONIC PARKING,WHOLE DAY,NO,YES,1,2.2,N,1.289094746908061,103.98903913122923
2209,Y81M,BLK 476 YISHUN STREET 44,MULTI-STOREY CAR PARK,ELECTRONIC PARKING,WHOLE DAY,NO,YES,15,2.15,N,1.2893367295710718,103.9908807235812
2210,Y82M,BLK 478 YISHUN STREET 42,MULTI-STOREY CAR PARK,ELECTRONIC PARKING,WHOLE DAY,SUN & PH FR 7AM-10.30PM,YES,11,2.15,N,1.2869962995502524,103.99217779140653
2211,Y83L,BLK 382 YISHUN STREET 31,SURFACE CAR PARK,ELECTRONIC PARKING,NO,NO,NO,0,0.0,N,1.2844104900567066,103.99399827582951
2212,Y83M,BLK 382 YISHUN STREET 31,MULTI-STOREY CAR PARK,ELECTRONIC PARKING,WHOLE DAY,NO,YES,16,2.15,N,1.2831083911726537,103.99368833637146
2213,Y9,BLK 747/752 YISHUN STREET 72,SURFACE CAR PARK,ELECTRONIC PARKING,WHOLE DAY,SUN & PH FR 7AM-10.30PM,YES,0,4.5,N,1.2701901817471513,103.99063206298563
